param_news00
2929.4940521927465      0.0   307.63334410569644
0.0      2922.7064498725026   555.0109690422262
0.0      0.0  1.0
0.0
0.0
1.0 0.0 0.0   201.61718686381664
0.0 -1.0 0.0  0.0
0.0 0.0 -1.0  0.0

param_news01
2929.4940521927465      0.0   307.63334410569644
0.0      2922.7064498725026   555.0109690422262
0.0      0.0  1.0
0.0
0.0
1.0 0.0 0.0    155.2750267587332
0.0 -1.0 0.0   0.0
0.0 0.0 -1.0   0.0

param_news02
2929.4940521927465      0.0   307.63334410569644
0.0      2922.7064498725026   555.0109690422262
0.0      0.0  1.0
0.0
0.0
1.0 0.0 0.0    108.93286665364974
0.0 -1.0 0.0   0.0
0.0 0.0 -1.0   0.0

param_news03
2929.4940521927465      0.0   307.63334410569644
0.0      2922.7064498725026   555.0109690422262
0.0      0.0  1.0
0.0
0.0
1.0 0.0 0.0    62.590706548566295
0.0 -1.0 0.0   0.0
0.0 0.0 -1.0   0.0

param_news04
2929.4940521927465      0.0   307.63334410569644
0.0      2922.7064498725026   555.0109690422262
0.0      0.0  1.0
0.0
0.0
1.0 0.0 0.0    16.24854644348285
0.0 -1.0 0.0   0.0
0.0 0.0 -1.0   0.0

param_news05
2929.4940521927465      0.0   307.63334410569644
0.0      2922.7064498725026   555.0109690422262
0.0      0.0  1.0
0.0
0.0
1.0 0.0 0.0    -30.093613661600592
0.0 -1.0 0.0   0.0
0.0 0.0 -1.0   0.0

param_news06
2929.4940521927465      0.0   307.63334410569644
0.0      2922.7064498725026   555.0109690422262
0.0      0.0  1.0
0.0
0.0
1.0 0.0 0.0    -76.43577376668404
0.0 -1.0 0.0   0.0
0.0 0.0 -1.0   0.0

param_news07
2929.4940521927465      0.0   307.63334410569644
0.0      2922.7064498725026   555.0109690422262
0.0      0.0  1.0
0.0
0.0
1.0 0.0 0.0   -122.77793387176749
0.0 -1.0 0.0  0.0
0.0 0.0 -1.0  0.0

param_news08
2929.4940521927465      0.0   307.63334410569644
0.0      2922.7064498725026   555.0109690422262
0.0      0.0  1.0
0.0
0.0
1.0  0.0  0.0  -169.12009397685094
0.0 -1.0  0.0  0.0
0.0  0.0 -1.0  0.0


param_news03.25
2929.494052 0.000000 307.633344
0.000000 2922.706450 555.010969
0.000000 0.000000 1.000000
0.000000
0.000000
1.000000 0.000000 0.000000 51.005167
0.000000 -1.000000 0.000000 0.000000
0.000000 0.000000 -1.000000 0.000000

param_news03.5
2929.494052 0.000000 307.633344
0.000000 2922.706450 555.010969
0.000000 0.000000 1.000000
0.000000
0.000000
1.000000 0.000000 0.000000 39.419626
0.000000 -1.000000 0.000000 0.000000
0.000000 0.000000 -1.000000 0.000000

param_news03.75
2929.494052 0.000000 307.633344
0.000000 2922.706450 555.010969
0.000000 0.000000 1.000000
0.000000
0.000000
1.000000 0.000000 0.000000 27.834086
0.000000 -1.000000 0.000000 0.000000
0.000000 0.000000 -1.000000 0.000000

param_news04.25
2929.494052 0.000000 307.633344
0.000000 2922.706450 555.010969
0.000000 0.000000 1.000000
0.000000
0.000000
1.000000 0.000000 0.000000 4.663006
0.000000 -1.000000 0.000000 0.000000
0.000000 0.000000 -1.000000 0.000000

param_news04.5
2929.494052 0.000000 307.633344
0.000000 2922.706450 555.010969
0.000000 0.000000 1.000000
0.000000
0.000000
1.000000 0.000000 0.000000 -6.922534
0.000000 -1.000000 0.000000 0.000000
0.000000 0.000000 -1.000000 0.000000

param_news04.75
2929.494052 0.000000 307.633344
0.000000 2922.706450 555.010969
0.000000 0.000000 1.000000
0.000000
0.000000
1.000000 0.000000 0.000000 -18.508074
0.000000 -1.000000 0.000000 0.000000
0.000000 0.000000 -1.000000 0.000000

param_news02.25
2929.494052 0.000000 307.633344
0.000000 2922.706450 555.010969
0.000000 0.000000 1.000000
0.000000
0.000000
1.000000 0.000000 0.000000 97.347327
0.000000 -1.000000 0.000000 0.000000
0.000000 0.000000 -1.000000 0.000000

param_news02.5
2929.494052 0.000000 307.633344
0.000000 2922.706450 555.010969
0.000000 0.000000 1.000000
0.000000
0.000000
1.000000 0.000000 0.000000 85.761787
0.000000 -1.000000 0.000000 0.000000
0.000000 0.000000 -1.000000 0.000000

param_news02.75
2929.494052 0.000000 307.633344
0.000000 2922.706450 555.010969
0.000000 0.000000 1.000000
0.000000
0.000000
1.000000 0.000000 0.000000 74.176247
0.000000 -1.000000 0.000000 0.000000
0.000000 0.000000 -1.000000 0.000000

param_news05.25
2929.494052 0.000000 307.633344
0.000000 2922.706450 555.010969
0.000000 0.000000 1.000000
0.000000
0.000000
1.000000 0.000000 0.000000 -41.679154
0.000000 -1.000000 0.000000 0.000000
0.000000 0.000000 -1.000000 0.000000

param_news05.5
2929.494052 0.000000 307.633344
0.000000 2922.706450 555.010969
0.000000 0.000000 1.000000
0.000000
0.000000
1.000000 0.000000 0.000000 -53.264694
0.000000 -1.000000 0.000000 0.000000
0.000000 0.000000 -1.000000 0.000000

param_news05.75
2929.494052 0.000000 307.633344
0.000000 2922.706450 555.010969
0.000000 0.000000 1.000000
0.000000
0.000000
1.000000 0.000000 0.000000 -64.850234
0.000000 -1.000000 0.000000 0.000000
0.000000 0.000000 -1.000000 0.000000
