param_loveb1_001
2017.8074684219137  0.0                555.4121600029979
0.0                 2009.3330626387904 385.28498930066263
0.0                 0.0                1.0
0.0
0.0
1.0 0.0 0.0  193.2942182
0.0 -1.0 0.0  0.0
0.0 0.0 -1.0  0.0

param_loveb1_002
2017.8074684219137  0.0                555.4121600029979
0.0                 2009.3330626387904 385.28498930066263
0.0                 0.0                1.0
0.0
0.0
1.0 0.0 0.0  154.6353745
0.0 -1.0 0.0  0.0
0.0 0.0 -1.0  0.0

param_loveb1_003
2017.8074684219137  0.0                555.4121600029979
0.0                 2009.3330626387904 385.28498930066263
0.0                 0.0                1.0
0.0
0.0
1.0 0.0 0.0  115.9765309
0.0 -1.0 0.0  0.0
0.0 0.0 -1.0  0.0

param_loveb1_004
2017.8074684219137  0.0                555.4121600029979
0.0                 2009.3330626387904 385.28498930066263
0.0                 0.0                1.0
0.0
0.0
1.0 0.0 0.0  77.31768727
0.0 -1.0 0.0  0.0
0.0 0.0 -1.0  0.0

param_loveb1_004.01
2017.8074684219137  0.0                555.4121600029979
0.0                 2009.3330626387904 385.28498930066263
0.0                 0.0                1.0
0.0
0.0
1.0 0.0 0.0  74.09611697
0.0 -1.0 0.0  0.0
0.0 0.0 -1.0  0.0

param_loveb1_004.02
2017.8074684219137  0.0                555.4121600029979
0.0                 2009.3330626387904 385.28498930066263
0.0                 0.0                1.0
0.0
0.0
1.0 0.0 0.0  70.87454667
0.0 -1.0 0.0  0.0
0.0 0.0 -1.0  0.0

param_loveb1_004.03
2017.8074684219137  0.0                555.4121600029979
0.0                 2009.3330626387904 385.28498930066263
0.0                 0.0                1.0
0.0
0.0
1.0 0.0 0.0  67.65297636
0.0 -1.0 0.0  0.0
0.0 0.0 -1.0  0.0

param_loveb1_004.04
2017.8074684219137  0.0                555.4121600029979
0.0                 2009.3330626387904 385.28498930066263
0.0                 0.0                1.0
0.0
0.0
1.0 0.0 0.0  64.43140606
0.0 -1.0 0.0  0.0
0.0 0.0 -1.0  0.0

param_loveb1_004.05
2017.8074684219137  0.0                555.4121600029979
0.0                 2009.3330626387904 385.28498930066263
0.0                 0.0                1.0
0.0
0.0
1.0 0.0 0.0  61.20983576
0.0 -1.0 0.0  0.0
0.0 0.0 -1.0  0.0

param_loveb1_004.06
2017.8074684219137  0.0                555.4121600029979
0.0                 2009.3330626387904 385.28498930066263
0.0                 0.0                1.0
0.0
0.0
1.0 0.0 0.0  57.98826546
0.0 -1.0 0.0  0.0
0.0 0.0 -1.0  0.0

param_loveb1_004.07
2017.8074684219137  0.0                555.4121600029979
0.0                 2009.3330626387904 385.28498930066263
0.0                 0.0                1.0
0.0
0.0
1.0 0.0 0.0  54.76669515
0.0 -1.0 0.0  0.0
0.0 0.0 -1.0  0.0

param_loveb1_004.08
2017.8074684219137  0.0                555.4121600029979
0.0                 2009.3330626387904 385.28498930066263
0.0                 0.0                1.0
0.0
0.0
1.0 0.0 0.0  51.54512485
0.0 -1.0 0.0  0.0
0.0 0.0 -1.0  0.0

param_loveb1_004.09
2017.8074684219137  0.0                555.4121600029979
0.0                 2009.3330626387904 385.28498930066263
0.0                 0.0                1.0
0.0
0.0
1.0 0.0 0.0  48.32355455
0.0 -1.0 0.0  0.0
0.0 0.0 -1.0  0.0

param_loveb1_004.10
2017.8074684219137  0.0                555.4121600029979
0.0                 2009.3330626387904 385.28498930066263
0.0                 0.0                1.0
0.0
0.0
1.0 0.0 0.0  45.10198425
0.0 -1.0 0.0  0.0
0.0 0.0 -1.0  0.0

param_loveb1_004.11
2017.8074684219137  0.0                555.4121600029979
0.0                 2009.3330626387904 385.28498930066263
0.0                 0.0                1.0
0.0
0.0
1.0 0.0 0.0  41.88041394
0.0 -1.0 0.0  0.0
0.0 0.0 -1.0  0.0

param_loveb1_005
2017.8074684219137  0.0                555.4121600029979
0.0                 2009.3330626387904 385.28498930066263
0.0                 0.0                1.0
0.0
0.0
1.0 0.0 0.0  38.65884364
0.0 -1.0 0.0  0.0
0.0 0.0 -1.0  0.0

param_loveb1_005.01
2017.8074684219137  0.0                555.4121600029979
0.0                 2009.3330626387904 385.28498930066263
0.0                 0.0                1.0
0.0
0.0
1.0 0.0 0.0  35.43727334
0.0 -1.0 0.0  0.0
0.0 0.0 -1.0  0.0

param_loveb1_005.02
2017.8074684219137  0.0                555.4121600029979
0.0                 2009.3330626387904 385.28498930066263
0.0                 0.0                1.0
0.0
0.0
1.0 0.0 0.0  32.21570303
0.0 -1.0 0.0  0.0
0.0 0.0 -1.0  0.0

param_loveb1_005.03
2017.8074684219137  0.0                555.4121600029979
0.0                 2009.3330626387904 385.28498930066263
0.0                 0.0                1.0
0.0
0.0
1.0 0.0 0.0  28.99413273
0.0 -1.0 0.0  0.0
0.0 0.0 -1.0  0.0

param_loveb1_005.04
2017.8074684219137  0.0                555.4121600029979
0.0                 2009.3330626387904 385.28498930066263
0.0                 0.0                1.0
0.0
0.0
1.0 0.0 0.0  25.77256243
0.0 -1.0 0.0  0.0
0.0 0.0 -1.0  0.0

param_loveb1_005.05
2017.8074684219137  0.0                555.4121600029979
0.0                 2009.3330626387904 385.28498930066263
0.0                 0.0                1.0
0.0
0.0
1.0 0.0 0.0  22.55099212
0.0 -1.0 0.0  0.0
0.0 0.0 -1.0  0.0

param_loveb1_005.06
2017.8074684219137  0.0                555.4121600029979
0.0                 2009.3330626387904 385.28498930066263
0.0                 0.0                1.0
0.0
0.0
1.0 0.0 0.0  19.32942182
0.0 -1.0 0.0  0.0
0.0 0.0 -1.0  0.0

param_loveb1_005.07
2017.8074684219137  0.0                555.4121600029979
0.0                 2009.3330626387904 385.28498930066263
0.0                 0.0                1.0
0.0
0.0
1.0 0.0 0.0  16.10785152
0.0 -1.0 0.0  0.0
0.0 0.0 -1.0  0.0

param_loveb1_005.08
2017.8074684219137  0.0                555.4121600029979
0.0                 2009.3330626387904 385.28498930066263
0.0                 0.0                1.0
0.0
0.0
1.0 0.0 0.0  12.88628121
0.0 -1.0 0.0  0.0
0.0 0.0 -1.0  0.0

param_loveb1_005.09
2017.8074684219137  0.0                555.4121600029979
0.0                 2009.3330626387904 385.28498930066263
0.0                 0.0                1.0
0.0
0.0
1.0 0.0 0.0  9.66471091
0.0 -1.0 0.0  0.0
0.0 0.0 -1.0  0.0

param_loveb1_005.10
2017.8074684219137  0.0                555.4121600029979
0.0                 2009.3330626387904 385.28498930066263
0.0                 0.0                1.0
0.0
0.0
1.0 0.0 0.0  6.443140607
0.0 -1.0 0.0  0.0
0.0 0.0 -1.0  0.0

param_loveb1_005.11
2017.8074684219137  0.0                555.4121600029979
0.0                 2009.3330626387904 385.28498930066263
0.0                 0.0                1.0
0.0
0.0
1.0 0.0 0.0  3.221570303
0.0 -1.0 0.0  0.0
0.0 0.0 -1.0  0.0

param_loveb1_006
2017.8074684219137  0.0                555.4121600029979
0.0                 2009.3330626387904 385.28498930066263
0.0                 0.0                1.0
0.0
0.0
1.0 0.0 0.0  0.0
0.0 -1.0 0.0  0.0
0.0 0.0 -1.0  0.0

param_loveb1_006.01
2017.8074684219137  0.0                555.4121600029979
0.0                 2009.3330626387904 385.28498930066263
0.0                 0.0                1.0
0.0
0.0
1.0 0.0 0.0  -2.5954588
0.0 -1.0 0.0  0.0
0.0 0.0 -1.0  0.0

param_loveb1_006.02
2017.8074684219137  0.0                555.4121600029979
0.0                 2009.3330626387904 385.28498930066263
0.0                 0.0                1.0
0.0
0.0
1.0 0.0 0.0  -5.1909176
0.0 -1.0 0.0  0.0
0.0 0.0 -1.0  0.0

param_loveb1_006.03
2017.8074684219137  0.0                555.4121600029979
0.0                 2009.3330626387904 385.28498930066263
0.0                 0.0                1.0
0.0
0.0
1.0 0.0 0.0  -7.7863764
0.0 -1.0 0.0  0.0
0.0 0.0 -1.0  0.0

param_loveb1_006.04
2017.8074684219137  0.0                555.4121600029979
0.0                 2009.3330626387904 385.28498930066263
0.0                 0.0                1.0
0.0
0.0
1.0 0.0 0.0  -10.3818352
0.0 -1.0 0.0  0.0
0.0 0.0 -1.0  0.0

param_loveb1_006.05
2017.8074684219137  0.0                555.4121600029979
0.0                 2009.3330626387904 385.28498930066263
0.0                 0.0                1.0
0.0
0.0
1.0 0.0 0.0  -12.977294
0.0 -1.0 0.0  0.0
0.0 0.0 -1.0  0.0

param_loveb1_006.06
2017.8074684219137  0.0                555.4121600029979
0.0                 2009.3330626387904 385.28498930066263
0.0                 0.0                1.0
0.0
0.0
1.0 0.0 0.0  -15.5727528
0.0 -1.0 0.0  0.0
0.0 0.0 -1.0  0.0

param_loveb1_006.07
2017.8074684219137  0.0                555.4121600029979
0.0                 2009.3330626387904 385.28498930066263
0.0                 0.0                1.0
0.0
0.0
1.0 0.0 0.0  -18.1682116
0.0 -1.0 0.0  0.0
0.0 0.0 -1.0  0.0

param_loveb1_006.08
2017.8074684219137  0.0                555.4121600029979
0.0                 2009.3330626387904 385.28498930066263
0.0                 0.0                1.0
0.0
0.0
1.0 0.0 0.0  -20.7636704
0.0 -1.0 0.0  0.0
0.0 0.0 -1.0  0.0

param_loveb1_006.09
2017.8074684219137  0.0                555.4121600029979
0.0                 2009.3330626387904 385.28498930066263
0.0                 0.0                1.0
0.0
0.0
1.0 0.0 0.0 -23.3591292
0.0 -1.0 0.0  0.0
0.0 0.0 -1.0  0.0

param_loveb1_006.10
2017.8074684219137  0.0                555.4121600029979
0.0                 2009.3330626387904 385.28498930066263
0.0                 0.0                1.0
0.0
0.0
1.0 0.0 0.0  -25.954588
0.0 -1.0 0.0  0.0
0.0 0.0 -1.0  0.0

param_loveb1_006.11
2017.8074684219137  0.0                555.4121600029979
0.0                 2009.3330626387904 385.28498930066263
0.0                 0.0                1.0
0.0
0.0
1.0 0.0 0.0  -28.5500468
0.0 -1.0 0.0  0.0
0.0 0.0 -1.0  0.0

param_loveb1_007
2017.8074684219137  0.0                555.4121600029979
0.0                 2009.3330626387904 385.28498930066263
0.0                 0.0                1.0
0.0
0.0
1.0 0.0 0.0  -31.1455056
0.0 -1.0 0.0  0.437650541
0.0 0.0 -1.0  0.000100426

param_loveb1_007.01
2017.8074684219137  0.0                555.4121600029979
0.0                 2009.3330626387904 385.28498930066263
0.0                 0.0                1.0
0.0
0.0
1.0 0.0 0.0  -34.45040924
0.0 -1.0 0.0  0.0
0.0 0.0 -1.0  0.0

param_loveb1_007.02
2017.8074684219137  0.0                555.4121600029979
0.0                 2009.3330626387904 385.28498930066263
0.0                 0.0                1.0
0.0
0.0
1.0 0.0 0.0  -37.75531287
0.0 -1.0 0.0  0.0
0.0 0.0 -1.0  0.0

param_loveb1_007.03
2017.8074684219137  0.0                555.4121600029979
0.0                 2009.3330626387904 385.28498930066263
0.0                 0.0                1.0
0.0
0.0
1.0 0.0 0.0  -41.06021651
0.0 -1.0 0.0  0.0
0.0 0.0 -1.0  0.0

param_loveb1_007.04
2017.8074684219137  0.0                555.4121600029979
0.0                 2009.3330626387904 385.28498930066263
0.0                 0.0                1.0
0.0
0.0
1.0 0.0 0.0  -44.36512015
0.0 -1.0 0.0  0.0
0.0 0.0 -1.0  0.0

param_loveb1_007.05
2017.8074684219137  0.0                555.4121600029979
0.0                 2009.3330626387904 385.28498930066263
0.0                 0.0                1.0
0.0
0.0
1.0 0.0 0.0  -47.67002378
0.0 -1.0 0.0  0.0
0.0 0.0 -1.0  0.0

param_loveb1_007.06
2017.8074684219137  0.0                555.4121600029979
0.0                 2009.3330626387904 385.28498930066263
0.0                 0.0                1.0
0.0
0.0
1.0 0.0 0.0  -50.97492742
0.0 -1.0 0.0  0.0
0.0 0.0 -1.0  0.0

param_loveb1_007.07
2017.8074684219137  0.0                555.4121600029979
0.0                 2009.3330626387904 385.28498930066263
0.0                 0.0                1.0
0.0
0.0
1.0 0.0 0.0  -54.27983106
0.0 -1.0 0.0  0.0
0.0 0.0 -1.0  0.0

param_loveb1_007.08
2017.8074684219137  0.0                555.4121600029979
0.0                 2009.3330626387904 385.28498930066263
0.0                 0.0                1.0
0.0
0.0
1.0 0.0 0.0  -57.58473469
0.0 -1.0 0.0  0.0
0.0 0.0 -1.0  0.0

param_loveb1_007.09
2017.8074684219137  0.0                555.4121600029979
0.0                 2009.3330626387904 385.28498930066263
0.0                 0.0                1.0
0.0
0.0
1.0 0.0 0.0   -60.88963833
0.0 -1.0 0.0  0.0
0.0 0.0 -1.0  0.0

param_loveb1_007.10
2017.8074684219137  0.0                555.4121600029979
0.0                 2009.3330626387904 385.28498930066263
0.0                 0.0                1.0
0.0
0.0
1.0 0.0 0.0  -64.19454197
0.0 -1.0 0.0  0.0
0.0 0.0 -1.0  0.0

param_loveb1_007.11
2017.8074684219137  0.0                555.4121600029979
0.0                 2009.3330626387904 385.28498930066263
0.0                 0.0                1.0
0.0
0.0
1.0 0.0 0.0  -67.4994456
0.0 -1.0 0.0  0.0
0.0 0.0 -1.0  0.0

param_loveb1_008
2017.8074684219137  0.0                555.4121600029979
0.0                 2009.3330626387904 385.28498930066263
0.0                 0.0                1.0
0.0
0.0
1.0 0.0 0.0  -70.80434924
0.0 -1.0 0.0  0.437650541
0.0 0.0 -1.0  0.000100426

param_loveb1_009
2017.8074684219137  0.0                555.4121600029979
0.0                 2009.3330626387904 385.28498930066263
0.0                 0.0                1.0
0.0
0.0
1.0 0.0 0.0  -109.4631929
0.0 -1.0 0.0  0.437650541
0.0 0.0 -1.0  0.000100426

param_loveb1_010
2017.8074684219137  0.0                555.4121600029979
0.0                 2009.3330626387904 385.28498930066263
0.0                 0.0                1.0
0.0
0.0
1.0 0.0 0.0  -148.1220365
0.0 -1.0 0.0  0.437650541
0.0 0.0 -1.0  0.000100426

param_loveb1_011
2017.8074684219137  0.0                555.4121600029979
0.0                 2009.3330626387904 385.28498930066263
0.0                 0.0                1.0
0.0
0.0
1.0 0.0 0.0  -186.7808801
0.0 -1.0 0.0  0.437650541
0.0 0.0 -1.0  0.000100426

param_loveb1_012
2017.8074684219137  0.0                555.4121600029979
0.0                 2009.3330626387904 385.28498930066263
0.0                 0.0                1.0
0.0
0.0
1.0 0.0 0.0  -225.4397238
0.0 -1.0 0.0  0.437650541
0.0 0.0 -1.0  0.000100426

param_loveb1_005.25
2017.807468 0.000000 555.412160
0.000000 2009.333063 385.284989
0.000000 0.000000 1.000000
0.000000
0.000000
1.000000 0.000000 0.000000 28.994133
0.000000 -1.000000 0.000000 0.000000
0.000000 0.000000 -1.000000 0.000000

param_loveb1_005.5
2017.807468 0.000000 555.412160
0.000000 2009.333063 385.284989
0.000000 0.000000 1.000000
0.000000
0.000000
1.000000 0.000000 0.000000 19.329422
0.000000 -1.000000 0.000000 0.000000
0.000000 0.000000 -1.000000 0.000000

param_loveb1_005.75
2017.807468 0.000000 555.412160
0.000000 2009.333063 385.284989
0.000000 0.000000 1.000000
0.000000
0.000000
1.000000 0.000000 0.000000 9.664711
0.000000 -1.000000 0.000000 0.000000
0.000000 0.000000 -1.000000 0.000000

param_loveb1_006.25
2017.807468 0.000000 555.412160
0.000000 2009.333063 385.284989
0.000000 0.000000 1.000000
0.000000
0.000000
1.000000 0.000000 0.000000 -8.036376
0.000000 -1.000000 0.000000 0.109413
0.000000 0.000000 -1.000000 0.000025

param_loveb1_006.5
2017.807468 0.000000 555.412160
0.000000 2009.333063 385.284989
0.000000 0.000000 1.000000
0.000000
0.000000
1.000000 0.000000 0.000000 -16.072753
0.000000 -1.000000 0.000000 0.218825
0.000000 0.000000 -1.000000 0.000050

param_loveb1_006.75
2017.807468 0.000000 555.412160
0.000000 2009.333063 385.284989
0.000000 0.000000 1.000000
0.000000
0.000000
1.000000 0.000000 0.000000 -24.109129
0.000000 -1.000000 0.000000 0.328238
0.000000 0.000000 -1.000000 0.000075

param_loveb1_004.25
2017.807468 0.000000 555.412160
0.000000 2009.333063 385.284989
0.000000 0.000000 1.000000
0.000000
0.000000
1.000000 0.000000 0.000000 67.652976
0.000000 -1.000000 0.000000 0.000000
0.000000 0.000000 -1.000000 0.000000

param_loveb1_004.5
2017.807468 0.000000 555.412160
0.000000 2009.333063 385.284989
0.000000 0.000000 1.000000
0.000000
0.000000
1.000000 0.000000 0.000000 57.988265
0.000000 -1.000000 0.000000 0.000000
0.000000 0.000000 -1.000000 0.000000

param_loveb1_004.75
2017.807468 0.000000 555.412160
0.000000 2009.333063 385.284989
0.000000 0.000000 1.000000
0.000000
0.000000
1.000000 0.000000 0.000000 48.323555
0.000000 -1.000000 0.000000 0.000000
0.000000 0.000000 -1.000000 0.000000

param_loveb1_007.25
2017.807468 0.000000 555.412160
0.000000 2009.333063 385.284989
0.000000 0.000000 1.000000
0.000000
0.000000
1.000000 0.000000 0.000000 -41.810217
0.000000 -1.000000 0.000000 0.437651
0.000000 0.000000 -1.000000 0.000100

param_loveb1_007.5
2017.807468 0.000000 555.412160
0.000000 2009.333063 385.284989
0.000000 0.000000 1.000000
0.000000
0.000000
1.000000 0.000000 0.000000 -51.474927
0.000000 -1.000000 0.000000 0.437651
0.000000 0.000000 -1.000000 0.000100

param_loveb1_007.75
2017.807468 0.000000 555.412160
0.000000 2009.333063 385.284989
0.000000 0.000000 1.000000
0.000000
0.000000
1.000000 0.000000 0.000000 -61.139638
0.000000 -1.000000 0.000000 0.437651
0.000000 0.000000 -1.000000 0.000100
