param_loveb1_001
2017.8074684219137  0.0                555.4121600029979
0.0                 2009.3330626387904 385.28498930066263
0.0                 0.0                1.0
0.0
0.0
1.0 0.0 0.0  193.2942182
0.0 -1.0 0.0  0.0
0.0 0.0 -1.0  0.0

param_loveb1_002
2017.8074684219137  0.0                555.4121600029979
0.0                 2009.3330626387904 385.28498930066263
0.0                 0.0                1.0
0.0
0.0
1.0 0.0 0.0  154.6353745
0.0 -1.0 0.0  0.0
0.0 0.0 -1.0  0.0

param_loveb1_003
2017.8074684219137  0.0                555.4121600029979
0.0                 2009.3330626387904 385.28498930066263
0.0                 0.0                1.0
0.0
0.0
1.0 0.0 0.0  115.9765309
0.0 -1.0 0.0  0.0
0.0 0.0 -1.0  0.0

param_loveb1_004
2017.8074684219137  0.0                555.4121600029979
0.0                 2009.3330626387904 385.28498930066263
0.0                 0.0                1.0
0.0
0.0
1.0 0.0 0.0  77.31768727
0.0 -1.0 0.0  0.0
0.0 0.0 -1.0  0.0

param_loveb1_005
2017.8074684219137  0.0                555.4121600029979
0.0                 2009.3330626387904 385.28498930066263
0.0                 0.0                1.0
0.0
0.0
1.0 0.0 0.0  38.65884364
0.0 -1.0 0.0  0.0
0.0 0.0 -1.0  0.0

param_loveb1_006
2017.8074684219137  0.0                555.4121600029979
0.0                 2009.3330626387904 385.28498930066263
0.0                 0.0                1.0
0.0
0.0
1.0 0.0 0.0  0.0
0.0 -1.0 0.0  0.0
0.0 0.0 -1.0  0.0

param_loveb1_007
2017.8074684219137  0.0                555.4121600029979
0.0                 2009.3330626387904 385.28498930066263
0.0                 0.0                1.0
0.0
0.0
1.0 0.0 0.0  -31.1455056
0.0 -1.0 0.0  0.437650541
0.0 0.0 -1.0  0.000100426

param_loveb1_008
2017.8074684219137  0.0                555.4121600029979
0.0                 2009.3330626387904 385.28498930066263
0.0                 0.0                1.0
0.0
0.0
1.0 0.0 0.0  -70.80434924
0.0 -1.0 0.0  0.437650541
0.0 0.0 -1.0  0.000100426

param_loveb1_009
2017.8074684219137  0.0                555.4121600029979
0.0                 2009.3330626387904 385.28498930066263
0.0                 0.0                1.0
0.0
0.0
1.0 0.0 0.0  -109.4631929
0.0 -1.0 0.0  0.437650541
0.0 0.0 -1.0  0.000100426

param_loveb1_010
2017.8074684219137  0.0                555.4121600029979
0.0                 2009.3330626387904 385.28498930066263
0.0                 0.0                1.0
0.0
0.0
1.0 0.0 0.0  -148.1220365
0.0 -1.0 0.0  0.437650541
0.0 0.0 -1.0  0.000100426

param_loveb1_011
2017.8074684219137  0.0                555.4121600029979
0.0                 2009.3330626387904 385.28498930066263
0.0                 0.0                1.0
0.0
0.0
1.0 0.0 0.0  -186.7808801
0.0 -1.0 0.0  0.437650541
0.0 0.0 -1.0  0.000100426

param_loveb1_012
2017.8074684219137  0.0                555.4121600029979
0.0                 2009.3330626387904 385.28498930066263
0.0                 0.0                1.0
0.0
0.0
1.0 0.0 0.0  -225.4397238
0.0 -1.0 0.0  0.437650541
0.0 0.0 -1.0  0.000100426


param_loveb1_005.25
2017.807468 0.000000 555.412160
0.000000 2009.333063 385.284989
0.000000 0.000000 1.000000
0.000000
0.000000
1.000000 0.000000 0.000000 28.994133
0.000000 -1.000000 0.000000 0.000000
0.000000 0.000000 -1.000000 0.000000

param_loveb1_005.5
2017.807468 0.000000 555.412160
0.000000 2009.333063 385.284989
0.000000 0.000000 1.000000
0.000000
0.000000
1.000000 0.000000 0.000000 19.329422
0.000000 -1.000000 0.000000 0.000000
0.000000 0.000000 -1.000000 0.000000

param_loveb1_005.75
2017.807468 0.000000 555.412160
0.000000 2009.333063 385.284989
0.000000 0.000000 1.000000
0.000000
0.000000
1.000000 0.000000 0.000000 9.664711
0.000000 -1.000000 0.000000 0.000000
0.000000 0.000000 -1.000000 0.000000

param_loveb1_006.25
2017.807468 0.000000 555.412160
0.000000 2009.333063 385.284989
0.000000 0.000000 1.000000
0.000000
0.000000
1.000000 0.000000 0.000000 -8.036376
0.000000 -1.000000 0.000000 0.109413
0.000000 0.000000 -1.000000 0.000025

param_loveb1_006.5
2017.807468 0.000000 555.412160
0.000000 2009.333063 385.284989
0.000000 0.000000 1.000000
0.000000
0.000000
1.000000 0.000000 0.000000 -16.072753
0.000000 -1.000000 0.000000 0.218825
0.000000 0.000000 -1.000000 0.000050

param_loveb1_006.75
2017.807468 0.000000 555.412160
0.000000 2009.333063 385.284989
0.000000 0.000000 1.000000
0.000000
0.000000
1.000000 0.000000 0.000000 -24.109129
0.000000 -1.000000 0.000000 0.328238
0.000000 0.000000 -1.000000 0.000075

param_loveb1_004.25
2017.807468 0.000000 555.412160
0.000000 2009.333063 385.284989
0.000000 0.000000 1.000000
0.000000
0.000000
1.000000 0.000000 0.000000 67.652976
0.000000 -1.000000 0.000000 0.000000
0.000000 0.000000 -1.000000 0.000000

param_loveb1_004.5
2017.807468 0.000000 555.412160
0.000000 2009.333063 385.284989
0.000000 0.000000 1.000000
0.000000
0.000000
1.000000 0.000000 0.000000 57.988265
0.000000 -1.000000 0.000000 0.000000
0.000000 0.000000 -1.000000 0.000000

param_loveb1_004.75
2017.807468 0.000000 555.412160
0.000000 2009.333063 385.284989
0.000000 0.000000 1.000000
0.000000
0.000000
1.000000 0.000000 0.000000 48.323555
0.000000 -1.000000 0.000000 0.000000
0.000000 0.000000 -1.000000 0.000000

param_loveb1_007.25
2017.807468 0.000000 555.412160
0.000000 2009.333063 385.284989
0.000000 0.000000 1.000000
0.000000
0.000000
1.000000 0.000000 0.000000 -41.810217
0.000000 -1.000000 0.000000 0.437651
0.000000 0.000000 -1.000000 0.000100

param_loveb1_007.5
2017.807468 0.000000 555.412160
0.000000 2009.333063 385.284989
0.000000 0.000000 1.000000
0.000000
0.000000
1.000000 0.000000 0.000000 -51.474927
0.000000 -1.000000 0.000000 0.437651
0.000000 0.000000 -1.000000 0.000100

param_loveb1_007.75
2017.807468 0.000000 555.412160
0.000000 2009.333063 385.284989
0.000000 0.000000 1.000000
0.000000
0.000000
1.000000 0.000000 0.000000 -61.139638
0.000000 -1.000000 0.000000 0.437651
0.000000 0.000000 -1.000000 0.000100
