param_balloons00
2241.25607 0.0 701.5
0.0 2241.25607 514.5
0.0 0.0 1.0 
0.0 
0.0 
1.0 0.0 0.0 0.0
0.0 1.0 0.0 0.0 
0.0 0.0 1.0 0.0 

param_balloons01
2241.25607 0.0 701.5
0.0 2241.25607 514.5
0.0 0.0 1.0 
0.0 
0.0 
1.0 0.0 0.0 5.0
0.0 1.0 0.0 0.0 
0.0 0.0 1.0 0.0

param_balloons02
2241.25607 0.0 701.5
0.0 2241.25607 514.5
0.0 0.0 1.0 
0.0 
0.0 
1.0 0.0 0.0 10.0
0.0 1.0 0.0 0.0 
0.0 0.0 1.0 0.0 

param_balloons03
2241.25607 0.0 701.5
0.0 2241.25607 514.5
0.0 0.0 1.0 
0.0 
0.0 
1.0 0.0 0.0 15.0
0.0 1.0 0.0 0.0 
0.0 0.0 1.0 0.0

param_balloons04
2241.25607 0.0 701.5
0.0 2241.25607 514.5
0.0 0.0 1.0 
0.0 
0.0 
1.0 0.0 0.0 20.0
0.0 1.0 0.0 0.0 
0.0 0.0 1.0 0.0 

param_balloons05
2241.25607 0.0 701.5
0.0 2241.25607 514.5
0.0 0.0 1.0 
0.0 
0.0 
1.0 0.0 0.0 25.0
0.0 1.0 0.0 0.0 
0.0 0.0 1.0 0.0

param_balloons06
2241.25607 0.0 701.5
0.0 2241.25607 514.5
0.0 0.0 1.0 
0.0 
0.0 
1.0 0.0 0.0 30.0
0.0 1.0 0.0 0.0 
0.0 0.0 1.0 0.0 

param_balloons02.25
2241.256070 0.000000 701.500000
0.000000 2241.256070 514.500000
0.000000 0.000000 1.000000
0.000000
0.000000
1.000000 0.000000 0.000000 11.250000
0.000000 1.000000 0.000000 0.000000
0.000000 0.000000 1.000000 0.000000

param_balloons02.5
2241.256070 0.000000 701.500000
0.000000 2241.256070 514.500000
0.000000 0.000000 1.000000
0.000000
0.000000
1.000000 0.000000 0.000000 12.500000
0.000000 1.000000 0.000000 0.000000
0.000000 0.000000 1.000000 0.000000

param_balloons02.75
2241.256070 0.000000 701.500000
0.000000 2241.256070 514.500000
0.000000 0.000000 1.000000
0.000000
0.000000
1.000000 0.000000 0.000000 13.750000
0.000000 1.000000 0.000000 0.000000
0.000000 0.000000 1.000000 0.000000

param_balloons03.25
2241.256070 0.000000 701.500000
0.000000 2241.256070 514.500000
0.000000 0.000000 1.000000
0.000000
0.000000
1.000000 0.000000 0.000000 16.250000
0.000000 1.000000 0.000000 0.000000
0.000000 0.000000 1.000000 0.000000

param_balloons03.5
2241.256070 0.000000 701.500000
0.000000 2241.256070 514.500000
0.000000 0.000000 1.000000
0.000000
0.000000
1.000000 0.000000 0.000000 17.500000
0.000000 1.000000 0.000000 0.000000
0.000000 0.000000 1.000000 0.000000

param_balloons03.75
2241.256070 0.000000 701.500000
0.000000 2241.256070 514.500000
0.000000 0.000000 1.000000
0.000000
0.000000
1.000000 0.000000 0.000000 18.750000
0.000000 1.000000 0.000000 0.000000
0.000000 0.000000 1.000000 0.000000

param_balloons01.25
2241.256070 0.000000 701.500000
0.000000 2241.256070 514.500000
0.000000 0.000000 1.000000
0.000000
0.000000
1.000000 0.000000 0.000000 6.250000
0.000000 1.000000 0.000000 0.000000
0.000000 0.000000 1.000000 0.000000

param_balloons01.5
2241.256070 0.000000 701.500000
0.000000 2241.256070 514.500000
0.000000 0.000000 1.000000
0.000000
0.000000
1.000000 0.000000 0.000000 7.500000
0.000000 1.000000 0.000000 0.000000
0.000000 0.000000 1.000000 0.000000

param_balloons01.75
2241.256070 0.000000 701.500000
0.000000 2241.256070 514.500000
0.000000 0.000000 1.000000
0.000000
0.000000
1.000000 0.000000 0.000000 8.750000
0.000000 1.000000 0.000000 0.000000
0.000000 0.000000 1.000000 0.000000

param_balloons04.25
2241.256070 0.000000 701.500000
0.000000 2241.256070 514.500000
0.000000 0.000000 1.000000
0.000000
0.000000
1.000000 0.000000 0.000000 21.250000
0.000000 1.000000 0.000000 0.000000
0.000000 0.000000 1.000000 0.000000

param_balloons04.5
2241.256070 0.000000 701.500000
0.000000 2241.256070 514.500000
0.000000 0.000000 1.000000
0.000000
0.000000
1.000000 0.000000 0.000000 22.500000
0.000000 1.000000 0.000000 0.000000
0.000000 0.000000 1.000000 0.000000

param_balloons04.75
2241.256070 0.000000 701.500000
0.000000 2241.256070 514.500000
0.000000 0.000000 1.000000
0.000000
0.000000
1.000000 0.000000 0.000000 23.750000
0.000000 1.000000 0.000000 0.000000
0.000000 0.000000 1.000000 0.000000
