param_balloons00
2241.25607 0.0 701.5
0.0 2241.25607 514.5
0.0 0.0 1.0 
0.0 
0.0 
1.0 0.0 0.0 0.0
0.0 1.0 0.0 0.0 
0.0 0.0 1.0 0.0 

param_balloons01
2241.25607 0.0 701.5
0.0 2241.25607 514.5
0.0 0.0 1.0 
0.0 
0.0 
1.0 0.0 0.0 5.0
0.0 1.0 0.0 0.0 
0.0 0.0 1.0 0.0

param_balloons01.01
2241.25607 0.0 701.5
0.0 2241.25607 514.5
0.0 0.0 1.0 
0.0 
0.0 
1.0 0.0 0.0 5.625
0.0 1.0 0.0 0.0 
0.0 0.0 1.0 0.0

param_balloons01.02
2241.25607 0.0 701.5
0.0 2241.25607 514.5
0.0 0.0 1.0 
0.0 
0.0 
1.0 0.0 0.0 6.25
0.0 1.0 0.0 0.0 
0.0 0.0 1.0 0.0

param_balloons01.03
2241.25607 0.0 701.5
0.0 2241.25607 514.5
0.0 0.0 1.0 
0.0 
0.0 
1.0 0.0 0.0 6.875
0.0 1.0 0.0 0.0 
0.0 0.0 1.0 0.0

param_balloons01.04
2241.25607 0.0 701.5
0.0 2241.25607 514.5
0.0 0.0 1.0 
0.0 
0.0 
1.0 0.0 0.0 7.5
0.0 1.0 0.0 0.0 
0.0 0.0 1.0 0.0

param_balloons01.05
2241.25607 0.0 701.5
0.0 2241.25607 514.5
0.0 0.0 1.0 
0.0 
0.0 
1.0 0.0 0.0 8.125
0.0 1.0 0.0 0.0 
0.0 0.0 1.0 0.0

param_balloons01.06
2241.25607 0.0 701.5
0.0 2241.25607 514.5
0.0 0.0 1.0 
0.0 
0.0 
1.0 0.0 0.0 8.75
0.0 1.0 0.0 0.0 
0.0 0.0 1.0 0.0

param_balloons01.07
2241.25607 0.0 701.5
0.0 2241.25607 514.5
0.0 0.0 1.0 
0.0 
0.0 
1.0 0.0 0.0 9.375
0.0 1.0 0.0 0.0 
0.0 0.0 1.0 0.0

param_balloons01.08
2241.25607 0.0 701.5
0.0 2241.25607 514.5
0.0 0.0 1.0 
0.0 
0.0 
1.0 0.0 0.0 10.0
0.0 1.0 0.0 0.0 
0.0 0.0 1.0 0.0

param_balloons01.09
2241.25607 0.0 701.5
0.0 2241.25607 514.5
0.0 0.0 1.0 
0.0 
0.0 
1.0 0.0 0.0 10.625
0.0 1.0 0.0 0.0 
0.0 0.0 1.0 0.0

param_balloons01.10
2241.25607 0.0 701.5
0.0 2241.25607 514.5
0.0 0.0 1.0 
0.0 
0.0 
1.0 0.0 0.0 11.25
0.0 1.0 0.0 0.0 
0.0 0.0 1.0 0.0

param_balloons01.11
2241.25607 0.0 701.5
0.0 2241.25607 514.5
0.0 0.0 1.0 
0.0 
0.0 
1.0 0.0 0.0 11.875
0.0 1.0 0.0 0.0 
0.0 0.0 1.0 0.0

param_balloons01.12
2241.25607 0.0 701.5
0.0 2241.25607 514.5
0.0 0.0 1.0 
0.0 
0.0 
1.0 0.0 0.0 12.5
0.0 1.0 0.0 0.0 
0.0 0.0 1.0 0.0

param_balloons01.13
2241.25607 0.0 701.5
0.0 2241.25607 514.5
0.0 0.0 1.0 
0.0 
0.0 
1.0 0.0 0.0 13.125
0.0 1.0 0.0 0.0 
0.0 0.0 1.0 0.0

param_balloons01.14
2241.25607 0.0 701.5
0.0 2241.25607 514.5
0.0 0.0 1.0 
0.0 
0.0 
1.0 0.0 0.0 13.75
0.0 1.0 0.0 0.0 
0.0 0.0 1.0 0.0

param_balloons01.15
2241.25607 0.0 701.5
0.0 2241.25607 514.5
0.0 0.0 1.0 
0.0 
0.0 
1.0 0.0 0.0 14.375
0.0 1.0 0.0 0.0 
0.0 0.0 1.0 0.0

param_balloons02
2241.25607 0.0 701.5
0.0 2241.25607 514.5
0.0 0.0 1.0 
0.0 
0.0 
1.0 0.0 0.0 10.0
0.0 1.0 0.0 0.0 
0.0 0.0 1.0 0.0 

param_balloons03.01
2241.25607 0.0 701.5
0.0 2241.25607 514.5
0.0 0.0 1.0 
0.0 
0.0 
1.0 0.0 0.0 15.625
0.0 1.0 0.0 0.0 
0.0 0.0 1.0 0.0 

param_balloons03.02
2241.25607 0.0 701.5
0.0 2241.25607 514.5
0.0 0.0 1.0 
0.0 
0.0 
1.0 0.0 0.0 16.25
0.0 1.0 0.0 0.0 
0.0 0.0 1.0 0.0 

param_balloons03.03
2241.25607 0.0 701.5
0.0 2241.25607 514.5
0.0 0.0 1.0 
0.0 
0.0 
1.0 0.0 0.0 16.875
0.0 1.0 0.0 0.0 
0.0 0.0 1.0 0.0 

param_balloons03.04
2241.25607 0.0 701.5
0.0 2241.25607 514.5
0.0 0.0 1.0 
0.0 
0.0 
1.0 0.0 0.0 17.5
0.0 1.0 0.0 0.0 
0.0 0.0 1.0 0.0 

param_balloons03.05
2241.25607 0.0 701.5
0.0 2241.25607 514.5
0.0 0.0 1.0 
0.0 
0.0 
1.0 0.0 0.0 18.125
0.0 1.0 0.0 0.0 
0.0 0.0 1.0 0.0 

param_balloons03.06
2241.25607 0.0 701.5
0.0 2241.25607 514.5
0.0 0.0 1.0 
0.0 
0.0 
1.0 0.0 0.0 18.75
0.0 1.0 0.0 0.0 
0.0 0.0 1.0 0.0 

param_balloons03.07
2241.25607 0.0 701.5
0.0 2241.25607 514.5
0.0 0.0 1.0 
0.0 
0.0 
1.0 0.0 0.0 19.375
0.0 1.0 0.0 0.0 
0.0 0.0 1.0 0.0 

param_balloons03.08
2241.25607 0.0 701.5
0.0 2241.25607 514.5
0.0 0.0 1.0 
0.0 
0.0 
1.0 0.0 0.0 20
0.0 1.0 0.0 0.0 
0.0 0.0 1.0 0.0 

param_balloons03.09
2241.25607 0.0 701.5
0.0 2241.25607 514.5
0.0 0.0 1.0 
0.0 
0.0 
1.0 0.0 0.0 20.625
0.0 1.0 0.0 0.0 
0.0 0.0 1.0 0.0 

param_balloons03.10
2241.25607 0.0 701.5
0.0 2241.25607 514.5
0.0 0.0 1.0 
0.0 
0.0 
1.0 0.0 0.0 21.25
0.0 1.0 0.0 0.0 
0.0 0.0 1.0 0.0 

param_balloons03.11
2241.25607 0.0 701.5
0.0 2241.25607 514.5
0.0 0.0 1.0 
0.0 
0.0 
1.0 0.0 0.0 21.875
0.0 1.0 0.0 0.0 
0.0 0.0 1.0 0.0 

param_balloons03.12
2241.25607 0.0 701.5
0.0 2241.25607 514.5
0.0 0.0 1.0 
0.0 
0.0 
1.0 0.0 0.0 22.5
0.0 1.0 0.0 0.0 
0.0 0.0 1.0 0.0 

param_balloons03.13
2241.25607 0.0 701.5
0.0 2241.25607 514.5
0.0 0.0 1.0 
0.0 
0.0 
1.0 0.0 0.0 23.125
0.0 1.0 0.0 0.0 
0.0 0.0 1.0 0.0 

param_balloons03.14
2241.25607 0.0 701.5
0.0 2241.25607 514.5
0.0 0.0 1.0 
0.0 
0.0 
1.0 0.0 0.0 23.75
0.0 1.0 0.0 0.0 
0.0 0.0 1.0 0.0 

param_balloons03.15
2241.25607 0.0 701.5
0.0 2241.25607 514.5
0.0 0.0 1.0 
0.0 
0.0 
1.0 0.0 0.0 24.375
0.0 1.0 0.0 0.0 
0.0 0.0 1.0 0.0 

param_balloons03
2241.25607 0.0 701.5
0.0 2241.25607 514.5
0.0 0.0 1.0 
0.0 
0.0 
1.0 0.0 0.0 15.0
0.0 1.0 0.0 0.0 
0.0 0.0 1.0 0.0

param_balloons04
2241.25607 0.0 701.5
0.0 2241.25607 514.5
0.0 0.0 1.0 
0.0 
0.0 
1.0 0.0 0.0 20.0
0.0 1.0 0.0 0.0 
0.0 0.0 1.0 0.0 

param_balloons05
2241.25607 0.0 701.5
0.0 2241.25607 514.5
0.0 0.0 1.0 
0.0 
0.0 
1.0 0.0 0.0 25.0
0.0 1.0 0.0 0.0 
0.0 0.0 1.0 0.0

param_balloons06
2241.25607 0.0 701.5
0.0 2241.25607 514.5
0.0 0.0 1.0 
0.0 
0.0 
1.0 0.0 0.0 30.0
0.0 1.0 0.0 0.0 
0.0 0.0 1.0 0.0 

param_balloons02.25
2241.256070 0.000000 701.500000
0.000000 2241.256070 514.500000
0.000000 0.000000 1.000000
0.000000
0.000000
1.000000 0.000000 0.000000 11.250000
0.000000 1.000000 0.000000 0.000000
0.000000 0.000000 1.000000 0.000000

param_balloons02.5
2241.256070 0.000000 701.500000
0.000000 2241.256070 514.500000
0.000000 0.000000 1.000000
0.000000
0.000000
1.000000 0.000000 0.000000 12.500000
0.000000 1.000000 0.000000 0.000000
0.000000 0.000000 1.000000 0.000000

param_balloons02.75
2241.256070 0.000000 701.500000
0.000000 2241.256070 514.500000
0.000000 0.000000 1.000000
0.000000
0.000000
1.000000 0.000000 0.000000 13.750000
0.000000 1.000000 0.000000 0.000000
0.000000 0.000000 1.000000 0.000000

param_balloons03.25
2241.256070 0.000000 701.500000
0.000000 2241.256070 514.500000
0.000000 0.000000 1.000000
0.000000
0.000000
1.000000 0.000000 0.000000 16.250000
0.000000 1.000000 0.000000 0.000000
0.000000 0.000000 1.000000 0.000000

param_balloons03.5
2241.256070 0.000000 701.500000
0.000000 2241.256070 514.500000
0.000000 0.000000 1.000000
0.000000
0.000000
1.000000 0.000000 0.000000 17.500000
0.000000 1.000000 0.000000 0.000000
0.000000 0.000000 1.000000 0.000000

param_balloons03.75
2241.256070 0.000000 701.500000
0.000000 2241.256070 514.500000
0.000000 0.000000 1.000000
0.000000
0.000000
1.000000 0.000000 0.000000 18.750000
0.000000 1.000000 0.000000 0.000000
0.000000 0.000000 1.000000 0.000000

param_balloons01.25
2241.256070 0.000000 701.500000
0.000000 2241.256070 514.500000
0.000000 0.000000 1.000000
0.000000
0.000000
1.000000 0.000000 0.000000 6.250000
0.000000 1.000000 0.000000 0.000000
0.000000 0.000000 1.000000 0.000000

param_balloons01.5
2241.256070 0.000000 701.500000
0.000000 2241.256070 514.500000
0.000000 0.000000 1.000000
0.000000
0.000000
1.000000 0.000000 0.000000 7.500000
0.000000 1.000000 0.000000 0.000000
0.000000 0.000000 1.000000 0.000000

param_balloons01.75
2241.256070 0.000000 701.500000
0.000000 2241.256070 514.500000
0.000000 0.000000 1.000000
0.000000
0.000000
1.000000 0.000000 0.000000 8.750000
0.000000 1.000000 0.000000 0.000000
0.000000 0.000000 1.000000 0.000000

param_balloons04.25
2241.256070 0.000000 701.500000
0.000000 2241.256070 514.500000
0.000000 0.000000 1.000000
0.000000
0.000000
1.000000 0.000000 0.000000 21.250000
0.000000 1.000000 0.000000 0.000000
0.000000 0.000000 1.000000 0.000000

param_balloons04.5
2241.256070 0.000000 701.500000
0.000000 2241.256070 514.500000
0.000000 0.000000 1.000000
0.000000
0.000000
1.000000 0.000000 0.000000 22.500000
0.000000 1.000000 0.000000 0.000000
0.000000 0.000000 1.000000 0.000000

param_balloons04.75
2241.256070 0.000000 701.500000
0.000000 2241.256070 514.500000
0.000000 0.000000 1.000000
0.000000
0.000000
1.000000 0.000000 0.000000 23.750000
0.000000 1.000000 0.000000 0.000000
0.000000 0.000000 1.000000 0.000000
