param_cam0
1732.875727	0.000000	943.231169	
0.000000	1729.908923	548.845040	
0.000000	0.000000	1.000000	
0.000000
0.000000
1.000000	-0.000000	-0.000000	0.000000	
-0.000000	1.000000	-0.000000	-0.000000	
-0.000000	-0.000000	1.000000	-0.000000	

param_cam1
1732.875727	0.000000	943.231169	
0.000000	1729.908923	548.845040	
0.000000	0.000000	1.000000	
0.000000
0.000000
1.000000	-0.000000	-0.000000	1.593023	
-0.000000	1.000000	-0.000000	-0.000000	
-0.000000	-0.000000	1.000000	-0.000000	

param_cam2
1732.875727	0.000000	943.231169	
0.000000	1729.908923	548.845040	
0.000000	0.000000	1.000000	
0.000000
0.000000
1.000000	-0.000000	-0.000000	3.186047	
-0.000000	1.000000	-0.000000	-0.000000	
-0.000000	-0.000000	1.000000	-0.000000	

param_cam3
1732.875727	0.000000	943.231169	
0.000000	1729.908923	548.845040	
0.000000	0.000000	1.000000	
0.000000
0.000000
1.000000	-0.000000	-0.000000	4.779070	
-0.000000	1.000000	-0.000000	-0.000000	
-0.000000	-0.000000	1.000000	-0.000000	

param_cam4
1732.875727	0.000000	943.231169	
0.000000	1729.908923	548.845040	
0.000000	0.000000	1.000000	
0.000000
0.000000
1.000000	-0.000000	-0.000000	6.372093	
-0.000000	1.000000	-0.000000	-0.000000	
-0.000000	-0.000000	1.000000	-0.000000	

param_cam5
1732.875727	0.000000	943.231169	
0.000000	1729.908923	548.845040	
0.000000	0.000000	1.000000	
0.000000
0.000000
1.000000	-0.000000	-0.000000	7.965116	
-0.000000	1.000000	-0.000000	-0.000000	
-0.000000	-0.000000	1.000000	-0.000000	

param_cam6
1732.875727	0.000000	943.231169	
0.000000	1729.908923	548.845040	
0.000000	0.000000	1.000000	
0.000000
0.000000
1.000000	-0.000000	-0.000000	9.558140	
-0.000000	1.000000	-0.000000	-0.000000	
-0.000000	-0.000000	1.000000	-0.000000	

param_cam7
1732.875727	0.000000	943.231169	
0.000000	1729.908923	548.845040	
0.000000	0.000000	1.000000	
0.000000
0.000000
1.000000	-0.000000	-0.000000	11.151163	
-0.000000	1.000000	-0.000000	-0.000000	
-0.000000	-0.000000	1.000000	-0.000000	

param_cam8
1732.875727	0.000000	943.231169	
0.000000	1729.908923	548.845040	
0.000000	0.000000	1.000000	
0.000000
0.000000
1.000000	-0.000000	-0.000000	12.744186	
-0.000000	1.000000	-0.000000	-0.000000	
-0.000000	-0.000000	1.000000	-0.000000

param_cam5.5
1732.875727	0.000000	943.231169	
0.000000	1729.908923	548.845040	
0.000000	0.000000	1.000000	
0.000000
0.000000
1.000000	-0.000000	-0.000000	8.761628	
-0.000000	1.000000	-0.000000	-0.000000	
-0.000000	-0.000000	1.000000	-0.000000	

param_cam5.625
1732.875727	0.000000	943.231169	
0.000000	1729.908923	548.845040	
0.000000	0.000000	1.000000	
0.000000
0.000000
1.000000	-0.000000	-0.000000	8.960756	
-0.000000	1.000000	-0.000000	-0.000000	
-0.000000	-0.000000	1.000000	-0.000000	

param_cam5.75
1732.875727	0.000000	943.231169	
0.000000	1729.908923	548.845040	
0.000000	0.000000	1.000000	
0.000000
0.000000
1.000000	-0.000000	-0.000000	9.159884	
-0.000000	1.000000	-0.000000	-0.000000	
-0.000000	-0.000000	1.000000	-0.000000	

param_cam5.875
1732.875727	0.000000	943.231169	
0.000000	1729.908923	548.845040	
0.000000	0.000000	1.000000	
0.000000
0.000000
1.000000	-0.000000	-0.000000	9.359012	
-0.000000	1.000000	-0.000000	-0.000000	
-0.000000	-0.000000	1.000000	-0.000000	

param_cam6.125
1732.875727	0.000000	943.231169	
0.000000	1729.908923	548.845040	
0.000000	0.000000	1.000000	
0.000000
0.000000
1.000000	-0.000000	-0.000000	9.757267875	
-0.000000	1.000000	-0.000000	-0.000000	
-0.000000	-0.000000	1.000000	-0.000000	

param_cam6.25
1732.875727	0.000000	943.231169	
0.000000	1729.908923	548.845040	
0.000000	0.000000	1.000000	
0.000000
0.000000
1.000000	-0.000000	-0.000000	9.95639575	
-0.000000	1.000000	-0.000000	-0.000000	
-0.000000	-0.000000	1.000000	-0.000000	

param_cam6.375
1732.875727	0.000000	943.231169	
0.000000	1729.908923	548.845040	
0.000000	0.000000	1.000000	
0.000000
0.000000
1.000000	-0.000000	-0.000000	10.15552363	
-0.000000	1.000000	-0.000000	-0.000000	
-0.000000	-0.000000	1.000000	-0.000000	

param_cam6.5
1732.875727	0.000000	943.231169	
0.000000	1729.908923	548.845040	
0.000000	0.000000	1.000000	
0.000000
0.000000
1.000000	-0.000000	-0.000000	10.3546515	
-0.000000	1.000000	-0.000000	-0.000000	
-0.000000	-0.000000	1.000000	-0.000000	


param_cam6.875
1732.875727 0.000000 943.231169
0.000000 1729.908923 548.845040
0.000000 0.000000 1.000000
0.000000
0.000000
1.000000 -0.000000 -0.000000 10.952035
-0.000000 1.000000 -0.000000 -0.000000
-0.000000 -0.000000 1.000000 -0.000000

param_cam6.75
1732.875727 0.000000 943.231169
0.000000 1729.908923 548.845040
0.000000 0.000000 1.000000
0.000000
0.000000
1.000000 -0.000000 -0.000000 10.752907
-0.000000 1.000000 -0.000000 -0.000000
-0.000000 -0.000000 1.000000 -0.000000

param_cam6.625
1732.875727 0.000000 943.231169
0.000000 1729.908923 548.845040
0.000000 0.000000 1.000000
0.000000
0.000000
1.000000 -0.000000 -0.000000 10.553779
-0.000000 1.000000 -0.000000 -0.000000
-0.000000 -0.000000 1.000000 -0.000000

param_cam5.375
1732.875727 0.000000 943.231169
0.000000 1729.908923 548.845040
0.000000 0.000000 1.000000
0.000000
0.000000
1.000000 -0.000000 -0.000000 8.562500
-0.000000 1.000000 -0.000000 -0.000000
-0.000000 -0.000000 1.000000 -0.000000

param_cam5.25
1732.875727 0.000000 943.231169
0.000000 1729.908923 548.845040
0.000000 0.000000 1.000000
0.000000
0.000000
1.000000 -0.000000 -0.000000 8.363372
-0.000000 1.000000 -0.000000 -0.000000
-0.000000 -0.000000 1.000000 -0.000000

param_cam5.125
1732.875727 0.000000 943.231169
0.000000 1729.908923 548.845040
0.000000 0.000000 1.000000
0.000000
0.000000
1.000000 -0.000000 -0.000000 8.164244
-0.000000 1.000000 -0.000000 -0.000000
-0.000000 -0.000000 1.000000 -0.000000
