param_kendo00
2241.25607 0.0 701.5
0.0 2241.25607 514.5
0.0 0.0 1.0 
0.0 
0.0 
1.0 0.0 0.0 0.0
0.0 1.0 0.0 0.0 
0.0 0.0 1.0 0.0 

param_kendo01
2241.25607 0.0 701.5
0.0 2241.25607 514.5
0.0 0.0 1.0 
0.0 
0.0 
1.0 0.0 0.0 5.0
0.0 1.0 0.0 0.0 
0.0 0.0 1.0 0.0

param_kendo01.01
2241.25607 0.0 701.5
0.0 2241.25607 514.5
0.0 0.0 1.0 
0.0 
0.0 
1.0 0.0 0.0 5.625
0.0 1.0 0.0 0.0 
0.0 0.0 1.0 0.0

param_kendo01.02
2241.25607 0.0 701.5
0.0 2241.25607 514.5
0.0 0.0 1.0 
0.0 
0.0 
1.0 0.0 0.0 6.25
0.0 1.0 0.0 0.0 
0.0 0.0 1.0 0.0

param_kendo01.03
2241.25607 0.0 701.5
0.0 2241.25607 514.5
0.0 0.0 1.0 
0.0 
0.0 
1.0 0.0 0.0 6.875
0.0 1.0 0.0 0.0 
0.0 0.0 1.0 0.0

param_kendo01.04
2241.25607 0.0 701.5
0.0 2241.25607 514.5
0.0 0.0 1.0 
0.0 
0.0 
1.0 0.0 0.0 7.5
0.0 1.0 0.0 0.0 
0.0 0.0 1.0 0.0

param_kendo01.05
2241.25607 0.0 701.5
0.0 2241.25607 514.5
0.0 0.0 1.0 
0.0 
0.0 
1.0 0.0 0.0 8.125
0.0 1.0 0.0 0.0 
0.0 0.0 1.0 0.0

param_kendo01.06
2241.25607 0.0 701.5
0.0 2241.25607 514.5
0.0 0.0 1.0 
0.0 
0.0 
1.0 0.0 0.0 8.75
0.0 1.0 0.0 0.0 
0.0 0.0 1.0 0.0

param_kendo01.07
2241.25607 0.0 701.5
0.0 2241.25607 514.5
0.0 0.0 1.0 
0.0 
0.0 
1.0 0.0 0.0 9.375
0.0 1.0 0.0 0.0 
0.0 0.0 1.0 0.0

param_kendo01.08
2241.25607 0.0 701.5
0.0 2241.25607 514.5
0.0 0.0 1.0 
0.0 
0.0 
1.0 0.0 0.0 10.0
0.0 1.0 0.0 0.0 
0.0 0.0 1.0 0.0

param_kendo01.09
2241.25607 0.0 701.5
0.0 2241.25607 514.5
0.0 0.0 1.0 
0.0 
0.0 
1.0 0.0 0.0 10.625
0.0 1.0 0.0 0.0 
0.0 0.0 1.0 0.0

param_kendo01.10
2241.25607 0.0 701.5
0.0 2241.25607 514.5
0.0 0.0 1.0 
0.0 
0.0 
1.0 0.0 0.0 11.25
0.0 1.0 0.0 0.0 
0.0 0.0 1.0 0.0

param_kendo01.11
2241.25607 0.0 701.5
0.0 2241.25607 514.5
0.0 0.0 1.0 
0.0 
0.0 
1.0 0.0 0.0 11.875
0.0 1.0 0.0 0.0 
0.0 0.0 1.0 0.0

param_kendo01.12
2241.25607 0.0 701.5
0.0 2241.25607 514.5
0.0 0.0 1.0 
0.0 
0.0 
1.0 0.0 0.0 12.5
0.0 1.0 0.0 0.0 
0.0 0.0 1.0 0.0

param_kendo01.13
2241.25607 0.0 701.5
0.0 2241.25607 514.5
0.0 0.0 1.0 
0.0 
0.0 
1.0 0.0 0.0 13.125
0.0 1.0 0.0 0.0 
0.0 0.0 1.0 0.0

param_kendo01.14
2241.25607 0.0 701.5
0.0 2241.25607 514.5
0.0 0.0 1.0 
0.0 
0.0 
1.0 0.0 0.0 13.75
0.0 1.0 0.0 0.0 
0.0 0.0 1.0 0.0

param_kendo01.15
2241.25607 0.0 701.5
0.0 2241.25607 514.5
0.0 0.0 1.0 
0.0 
0.0 
1.0 0.0 0.0 14.375
0.0 1.0 0.0 0.0 
0.0 0.0 1.0 0.0

param_kendo02
2241.25607 0.0 701.5
0.0 2241.25607 514.5
0.0 0.0 1.0 
0.0 
0.0 
1.0 0.0 0.0 10.0
0.0 1.0 0.0 0.0 
0.0 0.0 1.0 0.0 

param_kendo03.01
2241.25607 0.0 701.5
0.0 2241.25607 514.5
0.0 0.0 1.0 
0.0 
0.0 
1.0 0.0 0.0 15.625
0.0 1.0 0.0 0.0 
0.0 0.0 1.0 0.0 

param_kendo03.02
2241.25607 0.0 701.5
0.0 2241.25607 514.5
0.0 0.0 1.0 
0.0 
0.0 
1.0 0.0 0.0 16.25
0.0 1.0 0.0 0.0 
0.0 0.0 1.0 0.0 

param_kendo03.03
2241.25607 0.0 701.5
0.0 2241.25607 514.5
0.0 0.0 1.0 
0.0 
0.0 
1.0 0.0 0.0 16.875
0.0 1.0 0.0 0.0 
0.0 0.0 1.0 0.0 

param_kendo03.04
2241.25607 0.0 701.5
0.0 2241.25607 514.5
0.0 0.0 1.0 
0.0 
0.0 
1.0 0.0 0.0 17.5
0.0 1.0 0.0 0.0 
0.0 0.0 1.0 0.0 

param_kendo03.05
2241.25607 0.0 701.5
0.0 2241.25607 514.5
0.0 0.0 1.0 
0.0 
0.0 
1.0 0.0 0.0 18.125
0.0 1.0 0.0 0.0 
0.0 0.0 1.0 0.0 

param_kendo03.06
2241.25607 0.0 701.5
0.0 2241.25607 514.5
0.0 0.0 1.0 
0.0 
0.0 
1.0 0.0 0.0 18.75
0.0 1.0 0.0 0.0 
0.0 0.0 1.0 0.0 

param_kendo03.07
2241.25607 0.0 701.5
0.0 2241.25607 514.5
0.0 0.0 1.0 
0.0 
0.0 
1.0 0.0 0.0 19.375
0.0 1.0 0.0 0.0 
0.0 0.0 1.0 0.0 

param_kendo03.08
2241.25607 0.0 701.5
0.0 2241.25607 514.5
0.0 0.0 1.0 
0.0 
0.0 
1.0 0.0 0.0 20
0.0 1.0 0.0 0.0 
0.0 0.0 1.0 0.0 

param_kendo03.09
2241.25607 0.0 701.5
0.0 2241.25607 514.5
0.0 0.0 1.0 
0.0 
0.0 
1.0 0.0 0.0 20.625
0.0 1.0 0.0 0.0 
0.0 0.0 1.0 0.0 

param_kendo03.10
2241.25607 0.0 701.5
0.0 2241.25607 514.5
0.0 0.0 1.0 
0.0 
0.0 
1.0 0.0 0.0 21.25
0.0 1.0 0.0 0.0 
0.0 0.0 1.0 0.0 

param_kendo03.11
2241.25607 0.0 701.5
0.0 2241.25607 514.5
0.0 0.0 1.0 
0.0 
0.0 
1.0 0.0 0.0 21.875
0.0 1.0 0.0 0.0 
0.0 0.0 1.0 0.0 

param_kendo03.12
2241.25607 0.0 701.5
0.0 2241.25607 514.5
0.0 0.0 1.0 
0.0 
0.0 
1.0 0.0 0.0 22.5
0.0 1.0 0.0 0.0 
0.0 0.0 1.0 0.0 

param_kendo03.13
2241.25607 0.0 701.5
0.0 2241.25607 514.5
0.0 0.0 1.0 
0.0 
0.0 
1.0 0.0 0.0 23.125
0.0 1.0 0.0 0.0 
0.0 0.0 1.0 0.0 

param_kendo03.14
2241.25607 0.0 701.5
0.0 2241.25607 514.5
0.0 0.0 1.0 
0.0 
0.0 
1.0 0.0 0.0 23.75
0.0 1.0 0.0 0.0 
0.0 0.0 1.0 0.0 

param_kendo03.15
2241.25607 0.0 701.5
0.0 2241.25607 514.5
0.0 0.0 1.0 
0.0 
0.0 
1.0 0.0 0.0 24.375
0.0 1.0 0.0 0.0 
0.0 0.0 1.0 0.0 

param_kendo03
2241.25607 0.0 701.5
0.0 2241.25607 514.5
0.0 0.0 1.0 
0.0 
0.0 
1.0 0.0 0.0 15.0
0.0 1.0 0.0 0.0 
0.0 0.0 1.0 0.0

param_kendo04
2241.25607 0.0 701.5
0.0 2241.25607 514.5
0.0 0.0 1.0 
0.0 
0.0 
1.0 0.0 0.0 20.0
0.0 1.0 0.0 0.0 
0.0 0.0 1.0 0.0 

param_kendo05
2241.25607 0.0 701.5
0.0 2241.25607 514.5
0.0 0.0 1.0 
0.0 
0.0 
1.0 0.0 0.0 25.0
0.0 1.0 0.0 0.0 
0.0 0.0 1.0 0.0

param_kendo06
2241.25607 0.0 701.5
0.0 2241.25607 514.5
0.0 0.0 1.0 
0.0 
0.0 
1.0 0.0 0.0 30.0
0.0 1.0 0.0 0.0 
0.0 0.0 1.0 0.0 

param_kendo02.25
2241.256070 0.000000 701.500000
0.000000 2241.256070 514.500000
0.000000 0.000000 1.000000
0.000000
0.000000
1.000000 0.000000 0.000000 11.250000
0.000000 1.000000 0.000000 0.000000
0.000000 0.000000 1.000000 0.000000

param_kendo02.5
2241.256070 0.000000 701.500000
0.000000 2241.256070 514.500000
0.000000 0.000000 1.000000
0.000000
0.000000
1.000000 0.000000 0.000000 12.500000
0.000000 1.000000 0.000000 0.000000
0.000000 0.000000 1.000000 0.000000

param_kendo02.75
2241.256070 0.000000 701.500000
0.000000 2241.256070 514.500000
0.000000 0.000000 1.000000
0.000000
0.000000
1.000000 0.000000 0.000000 13.750000
0.000000 1.000000 0.000000 0.000000
0.000000 0.000000 1.000000 0.000000

param_kendo03.25
2241.256070 0.000000 701.500000
0.000000 2241.256070 514.500000
0.000000 0.000000 1.000000
0.000000
0.000000
1.000000 0.000000 0.000000 16.250000
0.000000 1.000000 0.000000 0.000000
0.000000 0.000000 1.000000 0.000000

param_kendo03.5
2241.256070 0.000000 701.500000
0.000000 2241.256070 514.500000
0.000000 0.000000 1.000000
0.000000
0.000000
1.000000 0.000000 0.000000 17.500000
0.000000 1.000000 0.000000 0.000000
0.000000 0.000000 1.000000 0.000000

param_kendo03.75
2241.256070 0.000000 701.500000
0.000000 2241.256070 514.500000
0.000000 0.000000 1.000000
0.000000
0.000000
1.000000 0.000000 0.000000 18.750000
0.000000 1.000000 0.000000 0.000000
0.000000 0.000000 1.000000 0.000000

param_kendo01.25
2241.256070 0.000000 701.500000
0.000000 2241.256070 514.500000
0.000000 0.000000 1.000000
0.000000
0.000000
1.000000 0.000000 0.000000 6.250000
0.000000 1.000000 0.000000 0.000000
0.000000 0.000000 1.000000 0.000000

param_kendo01.5
2241.256070 0.000000 701.500000
0.000000 2241.256070 514.500000
0.000000 0.000000 1.000000
0.000000
0.000000
1.000000 0.000000 0.000000 7.500000
0.000000 1.000000 0.000000 0.000000
0.000000 0.000000 1.000000 0.000000

param_kendo01.75
2241.256070 0.000000 701.500000
0.000000 2241.256070 514.500000
0.000000 0.000000 1.000000
0.000000
0.000000
1.000000 0.000000 0.000000 8.750000
0.000000 1.000000 0.000000 0.000000
0.000000 0.000000 1.000000 0.000000

param_kendo04.25
2241.256070 0.000000 701.500000
0.000000 2241.256070 514.500000
0.000000 0.000000 1.000000
0.000000
0.000000
1.000000 0.000000 0.000000 21.250000
0.000000 1.000000 0.000000 0.000000
0.000000 0.000000 1.000000 0.000000

param_kendo04.5
2241.256070 0.000000 701.500000
0.000000 2241.256070 514.500000
0.000000 0.000000 1.000000
0.000000
0.000000
1.000000 0.000000 0.000000 22.500000
0.000000 1.000000 0.000000 0.000000
0.000000 0.000000 1.000000 0.000000

param_kendo04.75
2241.256070 0.000000 701.500000
0.000000 2241.256070 514.500000
0.000000 0.000000 1.000000
0.000000
0.000000
1.000000 0.000000 0.000000 23.750000
0.000000 1.000000 0.000000 0.000000
0.000000 0.000000 1.000000 0.000000
