param_undo_dancer_1     
2302.852541609168 0.0 960.0
0.0 2302.852541609168 540.0 
0.0 0.0 1.0 
0.0 
0.0 
1.0 0.0 0.0 -80.0            
0.0 1.0 0.0 0.0 
0.0 0.0 1.0 0.0 

param_undo_dancer_1.01    
2302.852541609168 0.0 960.0
0.0 2302.852541609168 540.0 
0.0 0.0 1.0 
0.0 
0.0 
1.0 0.0 0.0 -75.0            
0.0 1.0 0.0 0.0 
0.0 0.0 1.0 0.0 

param_undo_dancer_1.02
2302.852541609168 0.0 960.0
0.0 2302.852541609168 540.0 
0.0 0.0 1.0 
0.0 
0.0 
1.0 0.0 0.0 -70.0            
0.0 1.0 0.0 0.0 
0.0 0.0 1.0 0.0 

param_undo_dancer_1.03
2302.852541609168 0.0 960.0
0.0 2302.852541609168 540.0 
0.0 0.0 1.0 
0.0 
0.0 
1.0 0.0 0.0 -65.0            
0.0 1.0 0.0 0.0 
0.0 0.0 1.0 0.0 

param_undo_dancer_2
2302.852541609168 0.0 960.0
0.0 2302.852541609168 540.0 
0.0 0.0 1.0 
0.0 
0.0 
1.0 0.0 0.0 -60.0            
0.0 1.0 0.0 0.0 
0.0 0.0 1.0 0.0 

param_undo_dancer_2.01 
2302.852541609168 0.0 960.0
0.0 2302.852541609168 540.0 
0.0 0.0 1.0 
0.0 
0.0 
1.0 0.0 0.0 -55.0
0.0 1.0 0.0 0.0 
0.0 0.0 1.0 0.0

param_undo_dancer_2.02
2302.852541609168 0.0 960.0
0.0 2302.852541609168 540.0 
0.0 0.0 1.0 
0.0 
0.0 
1.0 0.0 0.0 -50.0            
0.0 1.0 0.0 0.0 
0.0 0.0 1.0 0.0

param_undo_dancer_2.03 
2302.852541609168 0.0 960.0
0.0 2302.852541609168 540.0 
0.0 0.0 1.0 
0.0 
0.0 
1.0 0.0 0.0 -45.0           
0.0 1.0 0.0 0.0 
0.0 0.0 1.0 0.0

param_undo_dancer_3     
2302.852541609168 0.0 960.0
0.0 2302.852541609168 540.0 
0.0 0.0 1.0 
0.0 
0.0 
1.0 0.0 0.0 -40.0            
0.0 1.0 0.0 0.0 
0.0 0.0 1.0 0.0
 
param_undo_dancer_3.01
2302.852541609168 0.0 960.0
0.0 2302.852541609168 540.0 
0.0 0.0 1.0 
0.0 
0.0 
1.0 0.0 0.0 -35.0            
0.0 1.0 0.0 0.0 
0.0 0.0 1.0 0.0 

param_undo_dancer_3.02     
2302.852541609168 0.0 960.0
0.0 2302.852541609168 540.0 
0.0 0.0 1.0 
0.0 
0.0 
1.0 0.0 0.0 -30.0            
0.0 1.0 0.0 0.0 
0.0 0.0 1.0 0.0
 
param_undo_dancer_3.03    
2302.852541609168 0.0 960.0
0.0 2302.852541609168 540.0 
0.0 0.0 1.0 
0.0 
0.0 
1.0 0.0 0.0 -25.0            
0.0 1.0 0.0 0.0 
0.0 0.0 1.0 0.0 

param_undo_dancer_4     
2302.852541609168 0.0 960.0
0.0 2302.852541609168 540.0 
0.0 0.0 1.0 
0.0 
0.0 
1.0 0.0 0.0 -20.0            
0.0 1.0 0.0 0.0 
0.0 0.0 1.0 0.0 

param_undo_dancer_4.01     
2302.852541609168 0.0 960.0
0.0 2302.852541609168 540.0 
0.0 0.0 1.0 
0.0 
0.0 
1.0 0.0 0.0 -15.0            
0.0 1.0 0.0 0.0 
0.0 0.0 1.0 0.0 

param_undo_dancer_4.02    
2302.852541609168 0.0 960.0
0.0 2302.852541609168 540.0 
0.0 0.0 1.0 
0.0 
0.0 
1.0 0.0 0.0 -10.0            
0.0 1.0 0.0 0.0 
0.0 0.0 1.0 0.0 

param_undo_dancer_4.03     
2302.852541609168 0.0 960.0
0.0 2302.852541609168 540.0 
0.0 0.0 1.0 
0.0 
0.0 
1.0 0.0 0.0 -5.0            
0.0 1.0 0.0 0.0 
0.0 0.0 1.0 0.0 

param_undo_dancer_5    
2302.852541609168 0.0 960.0
0.0 2302.852541609168 540.0 
0.0 0.0 1.0 
0.0 
0.0 
1.0 0.0 0.0 0.0              
0.0 1.0 0.0 0.0 
0.0 0.0 1.0 0.0

param_undo_dancer_5.01    
2302.852541609168 0.0 960.0
0.0 2302.852541609168 540.0 
0.0 0.0 1.0 
0.0 
0.0 
1.0 0.0 0.0 5.0              
0.0 1.0 0.0 0.0 
0.0 0.0 1.0 0.0

param_undo_dancer_5.02
2302.852541609168 0.0 960.0
0.0 2302.852541609168 540.0 
0.0 0.0 1.0 
0.0 
0.0 
1.0 0.0 0.0 10.0              
0.0 1.0 0.0 0.0 
0.0 0.0 1.0 0.0

param_undo_dancer_5.03
2302.852541609168 0.0 960.0
0.0 2302.852541609168 540.0 
0.0 0.0 1.0 
0.0 
0.0 
1.0 0.0 0.0 15.0              
0.0 1.0 0.0 0.0 
0.0 0.0 1.0 0.0
 
param_undo_dancer_6    
2302.852541609168 0.0 960.0
0.0 2302.852541609168 540.0 
0.0 0.0 1.0 
0.0 
0.0 
1.0 0.0 0.0 20.0            
0.0 1.0 0.0 0.0 
0.0 0.0 1.0 0.0 

param_undo_dancer_6.01   
2302.852541609168 0.0 960.0
0.0 2302.852541609168 540.0 
0.0 0.0 1.0 
0.0 
0.0 
1.0 0.0 0.0 25.0            
0.0 1.0 0.0 0.0 
0.0 0.0 1.0 0.0 

param_undo_dancer_6.02   
2302.852541609168 0.0 960.0
0.0 2302.852541609168 540.0 
0.0 0.0 1.0 
0.0 
0.0 
1.0 0.0 0.0 30.0            
0.0 1.0 0.0 0.0 
0.0 0.0 1.0 0.0 

param_undo_dancer_6.03    
2302.852541609168 0.0 960.0
0.0 2302.852541609168 540.0 
0.0 0.0 1.0 
0.0 
0.0 
1.0 0.0 0.0 35.0            
0.0 1.0 0.0 0.0 
0.0 0.0 1.0 0.0 

param_undo_dancer_7    
2302.852541609168 0.0 960.0
0.0 2302.852541609168 540.0
0.0 0.0 1.0 
0.0 
0.0 
1.0 0.0 0.0 40.0            
0.0 1.0 0.0 0.0 
0.0 0.0 1.0 0.0

param_undo_dancer_7.01    
2302.852541609168 0.0 960.0
0.0 2302.852541609168 540.0
0.0 0.0 1.0 
0.0 
0.0 
1.0 0.0 0.0 45.0            
0.0 1.0 0.0 0.0 
0.0 0.0 1.0 0.0

param_undo_dancer_7.02    
2302.852541609168 0.0 960.0
0.0 2302.852541609168 540.0
0.0 0.0 1.0 
0.0 
0.0 
1.0 0.0 0.0 50.0            
0.0 1.0 0.0 0.0 
0.0 0.0 1.0 0.0

param_undo_dancer_7.03   
2302.852541609168 0.0 960.0
0.0 2302.852541609168 540.0
0.0 0.0 1.0 
0.0 
0.0 
1.0 0.0 0.0 55.0            
0.0 1.0 0.0 0.0 
0.0 0.0 1.0 0.0
 
param_undo_dancer_8    
2302.852541609168 0.0 960.0
0.0 2302.852541609168 540.0 
0.0 0.0 1.0 
0.0 
0.0 
1.0 0.0 0.0 60.0            
0.0 1.0 0.0 0.0 
0.0 0.0 1.0 0.0 

param_undo_dancer_8.01    
2302.852541609168 0.0 960.0
0.0 2302.852541609168 540.0 
0.0 0.0 1.0 
0.0 
0.0 
1.0 0.0 0.0 65.0            
0.0 1.0 0.0 0.0 
0.0 0.0 1.0 0.0 

param_undo_dancer_8.02    
2302.852541609168 0.0 960.0
0.0 2302.852541609168 540.0 
0.0 0.0 1.0 
0.0 
0.0 
1.0 0.0 0.0 70.0            
0.0 1.0 0.0 0.0 
0.0 0.0 1.0 0.0 

param_undo_dancer_8.03    
2302.852541609168 0.0 960.0
0.0 2302.852541609168 540.0 
0.0 0.0 1.0 
0.0 
0.0 
1.0 0.0 0.0 75.0            
0.0 1.0 0.0 0.0 
0.0 0.0 1.0 0.0 

param_undo_dancer_9     
2302.852541609168 0.0 960.0
0.0 2302.852541609168 540.0 
0.0 0.0 1.0 
0.0 
0.0 
1.0 0.0 0.0 80.0            
0.0 1.0 0.0 0.0 
0.0 0.0 1.0 0.0 


