param_cam0
1732.875727	0.000000	943.231169	
0.000000	1729.908923	548.845040	
0.000000	0.000000	1.000000	
0.000000
0.000000
1.000000	-0.000000	-0.000000	0.000000	
-0.000000	1.000000	-0.000000	-0.000000	
-0.000000	-0.000000	1.000000	-0.000000	

param_cam1
1732.875727	0.000000	943.231169	
0.000000	1729.908923	548.845040	
0.000000	0.000000	1.000000	
0.000000
0.000000
1.000000	-0.000000	-0.000000	1.593023	
-0.000000	1.000000	-0.000000	-0.000000	
-0.000000	-0.000000	1.000000	-0.000000	

param_cam2
1732.875727	0.000000	943.231169	
0.000000	1729.908923	548.845040	
0.000000	0.000000	1.000000	
0.000000
0.000000
1.000000	-0.000000	-0.000000	3.186047	
-0.000000	1.000000	-0.000000	-0.000000	
-0.000000	-0.000000	1.000000	-0.000000	

param_cam3
1732.875727	0.000000	943.231169	
0.000000	1729.908923	548.845040	
0.000000	0.000000	1.000000	
0.000000
0.000000
1.000000	-0.000000	-0.000000	4.779070	
-0.000000	1.000000	-0.000000	-0.000000	
-0.000000	-0.000000	1.000000	-0.000000	

param_cam4
1732.875727	0.000000	943.231169	
0.000000	1729.908923	548.845040	
0.000000	0.000000	1.000000	
0.000000
0.000000
1.000000	-0.000000	-0.000000	6.372093	
-0.000000	1.000000	-0.000000	-0.000000	
-0.000000	-0.000000	1.000000	-0.000000	

param_cam5
1732.875727	0.000000	943.231169	
0.000000	1729.908923	548.845040	
0.000000	0.000000	1.000000	
0.000000
0.000000
1.000000	-0.000000	-0.000000	7.965116	
-0.000000	1.000000	-0.000000	-0.000000	
-0.000000	-0.000000	1.000000	-0.000000	

param_cam5.01
1732.875727	0.000000	943.231169	
0.000000	1729.908923	548.845040	
0.000000	0.000000	1.000000	
0.000000
0.000000
1.000000	-0.000000	-0.000000	8.06468	
-0.000000	1.000000	-0.000000	-0.000000	
-0.000000	-0.000000	1.000000	-0.000000	

param_cam5.02
1732.875727	0.000000	943.231169	
0.000000	1729.908923	548.845040	
0.000000	0.000000	1.000000	
0.000000
0.000000
1.000000	-0.000000	-0.000000	8.164244	
-0.000000	1.000000	-0.000000	-0.000000	
-0.000000	-0.000000	1.000000	-0.000000	

param_cam5.03
1732.875727	0.000000	943.231169	
0.000000	1729.908923	548.845040	
0.000000	0.000000	1.000000	
0.000000
0.000000
1.000000	-0.000000	-0.000000	8.263808	
-0.000000	1.000000	-0.000000	-0.000000	
-0.000000	-0.000000	1.000000	-0.000000	

param_cam5.04
1732.875727	0.000000	943.231169	
0.000000	1729.908923	548.845040	
0.000000	0.000000	1.000000	
0.000000
0.000000
1.000000	-0.000000	-0.000000	8.363372	
-0.000000	1.000000	-0.000000	-0.000000	
-0.000000	-0.000000	1.000000	-0.000000	

param_cam5.05
1732.875727	0.000000	943.231169	
0.000000	1729.908923	548.845040	
0.000000	0.000000	1.000000	
0.000000
0.000000
1.000000	-0.000000	-0.000000	8.462936
-0.000000	1.000000	-0.000000	-0.000000	
-0.000000	-0.000000	1.000000	-0.000000	

param_cam5.06
1732.875727	0.000000	943.231169	
0.000000	1729.908923	548.845040	
0.000000	0.000000	1.000000	
0.000000
0.000000
1.000000	-0.000000	-0.000000	8.5625	
-0.000000	1.000000	-0.000000	-0.000000	
-0.000000	-0.000000	1.000000	-0.000000	

param_cam5.07
1732.875727	0.000000	943.231169	
0.000000	1729.908923	548.845040	
0.000000	0.000000	1.000000	
0.000000
0.000000
1.000000	-0.000000	-0.000000	8.662064	
-0.000000	1.000000	-0.000000	-0.000000	
-0.000000	-0.000000	1.000000	-0.000000	

param_cam5.08
1732.875727	0.000000	943.231169	
0.000000	1729.908923	548.845040	
0.000000	0.000000	1.000000	
0.000000
0.000000
1.000000	-0.000000	-0.000000	8.761628	
-0.000000	1.000000	-0.000000	-0.000000	
-0.000000	-0.000000	1.000000	-0.000000	

param_cam5.09
1732.875727	0.000000	943.231169	
0.000000	1729.908923	548.845040	
0.000000	0.000000	1.000000	
0.000000
0.000000
1.000000	-0.000000	-0.000000	8.861192	
-0.000000	1.000000	-0.000000	-0.000000	
-0.000000	-0.000000	1.000000	-0.000000	

param_cam5.10
1732.875727	0.000000	943.231169	
0.000000	1729.908923	548.845040	
0.000000	0.000000	1.000000	
0.000000
0.000000
1.000000	-0.000000	-0.000000	8.960756	
-0.000000	1.000000	-0.000000	-0.000000	
-0.000000	-0.000000	1.000000	-0.000000	

param_cam5.11
1732.875727	0.000000	943.231169	
0.000000	1729.908923	548.845040	
0.000000	0.000000	1.000000	
0.000000
0.000000
1.000000	-0.000000	-0.000000	9.06032	
-0.000000	1.000000	-0.000000	-0.000000	
-0.000000	-0.000000	1.000000	-0.000000	

param_cam5.12
1732.875727	0.000000	943.231169	
0.000000	1729.908923	548.845040	
0.000000	0.000000	1.000000	
0.000000
0.000000
1.000000	-0.000000	-0.000000	9.159884	
-0.000000	1.000000	-0.000000	-0.000000	
-0.000000	-0.000000	1.000000	-0.000000	

param_cam5.13
1732.875727	0.000000	943.231169	
0.000000	1729.908923	548.845040	
0.000000	0.000000	1.000000	
0.000000
0.000000
1.000000	-0.000000	-0.000000	9.259448	
-0.000000	1.000000	-0.000000	-0.000000	
-0.000000	-0.000000	1.000000	-0.000000	

param_cam5.14
1732.875727	0.000000	943.231169	
0.000000	1729.908923	548.845040	
0.000000	0.000000	1.000000	
0.000000
0.000000
1.000000	-0.000000	-0.000000	9.359012	
-0.000000	1.000000	-0.000000	-0.000000	
-0.000000	-0.000000	1.000000	-0.000000	

param_cam5.15
1732.875727	0.000000	943.231169	
0.000000	1729.908923	548.845040	
0.000000	0.000000	1.000000	
0.000000
0.000000
1.000000	-0.000000	-0.000000	9.458576	
-0.000000	1.000000	-0.000000	-0.000000	
-0.000000	-0.000000	1.000000	-0.000000	

param_cam6
1732.875727	0.000000	943.231169	
0.000000	1729.908923	548.845040	
0.000000	0.000000	1.000000	
0.000000
0.000000
1.000000	-0.000000	-0.000000	9.558140	
-0.000000	1.000000	-0.000000	-0.000000	
-0.000000	-0.000000	1.000000	-0.000000	

param_cam6.5
1732.875727     0.000000        943.231169
0.000000        1729.908923     548.845040
0.000000        0.000000        1.000000
0.000000
0.000000
1.000000        -0.000000       -0.000000       10.3546515
-0.000000       1.000000        -0.000000       -0.000000
-0.000000       -0.000000       1.000000        -0.000000

param_cam6.01
1732.875727	0.000000	943.231169	
0.000000	1729.908923	548.845040	
0.000000	0.000000	1.000000	
0.000000
0.000000
1.000000	-0.000000	-0.000000	9.657704	
-0.000000	1.000000	-0.000000	-0.000000	
-0.000000	-0.000000	1.000000	-0.000000	

param_cam6.02
1732.875727	0.000000	943.231169	
0.000000	1729.908923	548.845040	
0.000000	0.000000	1.000000	
0.000000
0.000000
1.000000	-0.000000	-0.000000	9.757268	
-0.000000	1.000000	-0.000000	-0.000000	
-0.000000	-0.000000	1.000000	-0.000000	

param_cam6.03
1732.875727	0.000000	943.231169	
0.000000	1729.908923	548.845040	
0.000000	0.000000	1.000000	
0.000000
0.000000
1.000000	-0.000000	-0.000000	9.856832	
-0.000000	1.000000	-0.000000	-0.000000	
-0.000000	-0.000000	1.000000	-0.000000	

param_cam6.04
1732.875727	0.000000	943.231169	
0.000000	1729.908923	548.845040	
0.000000	0.000000	1.000000	
0.000000
0.000000
1.000000	-0.000000	-0.000000	9.956396	
-0.000000	1.000000	-0.000000	-0.000000	
-0.000000	-0.000000	1.000000	-0.000000	

param_cam6.05
1732.875727	0.000000	943.231169	
0.000000	1729.908923	548.845040	
0.000000	0.000000	1.000000	
0.000000
0.000000
1.000000	-0.000000	-0.000000	10.05596	
-0.000000	1.000000	-0.000000	-0.000000	
-0.000000	-0.000000	1.000000	-0.000000	

param_cam6.06
1732.875727	0.000000	943.231169	
0.000000	1729.908923	548.845040	
0.000000	0.000000	1.000000	
0.000000
0.000000
1.000000	-0.000000	-0.000000	10.155524	
-0.000000	1.000000	-0.000000	-0.000000	
-0.000000	-0.000000	1.000000	-0.000000	

param_cam6.07
1732.875727	0.000000	943.231169	
0.000000	1729.908923	548.845040	
0.000000	0.000000	1.000000	
0.000000
0.000000
1.000000	-0.000000	-0.000000	10.255088	
-0.000000	1.000000	-0.000000	-0.000000	
-0.000000	-0.000000	1.000000	-0.000000	

param_cam6.08
1732.875727	0.000000	943.231169	
0.000000	1729.908923	548.845040	
0.000000	0.000000	1.000000	
0.000000
0.000000
1.000000	-0.000000	-0.000000	10.354652	
-0.000000	1.000000	-0.000000	-0.000000	
-0.000000	-0.000000	1.000000	-0.000000	

param_cam6.09
1732.875727	0.000000	943.231169	
0.000000	1729.908923	548.845040	
0.000000	0.000000	1.000000	
0.000000
0.000000
1.000000	-0.000000	-0.000000	10.454216	
-0.000000	1.000000	-0.000000	-0.000000	
-0.000000	-0.000000	1.000000	-0.000000	

param_cam6.10
1732.875727	0.000000	943.231169	
0.000000	1729.908923	548.845040	
0.000000	0.000000	1.000000	
0.000000
0.000000
1.000000	-0.000000	-0.000000	10.55378	
-0.000000	1.000000	-0.000000	-0.000000	
-0.000000	-0.000000	1.000000	-0.000000	

param_cam6.11
1732.875727	0.000000	943.231169	
0.000000	1729.908923	548.845040	
0.000000	0.000000	1.000000	
0.000000
0.000000
1.000000	-0.000000	-0.000000	10.653344	
-0.000000	1.000000	-0.000000	-0.000000	
-0.000000	-0.000000	1.000000	-0.000000	

param_cam6.12
1732.875727	0.000000	943.231169	
0.000000	1729.908923	548.845040	
0.000000	0.000000	1.000000	
0.000000
0.000000
1.000000	-0.000000	-0.000000	10.752908	
-0.000000	1.000000	-0.000000	-0.000000	
-0.000000	-0.000000	1.000000	-0.000000	

param_cam6.13
1732.875727	0.000000	943.231169	
0.000000	1729.908923	548.845040	
0.000000	0.000000	1.000000	
0.000000
0.000000
1.000000	-0.000000	-0.000000	10.852472	
-0.000000	1.000000	-0.000000	-0.000000	
-0.000000	-0.000000	1.000000	-0.000000	

param_cam6.14
1732.875727	0.000000	943.231169	
0.000000	1729.908923	548.845040	
0.000000	0.000000	1.000000	
0.000000
0.000000
1.000000	-0.000000	-0.000000	10.952036
-0.000000	1.000000	-0.000000	-0.000000	
-0.000000	-0.000000	1.000000	-0.000000	

param_cam6.15
1732.875727	0.000000	943.231169	
0.000000	1729.908923	548.845040	
0.000000	0.000000	1.000000	
0.000000
0.000000
1.000000	-0.000000	-0.000000	11.0516	
-0.000000	1.000000	-0.000000	-0.000000	
-0.000000	-0.000000	1.000000	-0.000000

param_cam7
1732.875727	0.000000	943.231169	
0.000000	1729.908923	548.845040	
0.000000	0.000000	1.000000	
0.000000
0.000000
1.000000	-0.000000	-0.000000	11.151163	
-0.000000	1.000000	-0.000000	-0.000000	
-0.000000	-0.000000	1.000000	-0.000000	

param_cam8
1732.875727	0.000000	943.231169	
0.000000	1729.908923	548.845040	
0.000000	0.000000	1.000000	
0.000000
0.000000
1.000000	-0.000000	-0.000000	12.744186	
-0.000000	1.000000	-0.000000	-0.000000	
-0.000000	-0.000000	1.000000	-0.000000	

param_cam3.5
1732.875727 0.000000 943.231169
0.000000 1729.908923 548.845040
0.000000 0.000000 1.000000
0.000000
0.000000
1.000000 0.000000 0.000000 5.575582
0.000000 1.000000 0.000000 0.000000
0.000000 0.000000 1.000000 0.000000

param_cam4.875
1732.875727 0.000000 943.231169
0.000000 1729.908923 548.845040
0.000000 0.000000 1.000000
0.000000
0.000000
1.000000 0.000000 0.000000 7.765988
0.000000 1.000000 0.000000 0.000000
0.000000 0.000000 1.000000 0.000000

param_cam4.75
1732.875727 0.000000 943.231169
0.000000 1729.908923 548.845040
0.000000 0.000000 1.000000
0.000000
0.000000
1.000000 0.000000 0.000000 7.566860
0.000000 1.000000 0.000000 0.000000
0.000000 0.000000 1.000000 0.000000

param_cam4.625
1732.875727 0.000000 943.231169
0.000000 1729.908923 548.845040
0.000000 0.000000 1.000000
0.000000
0.000000
1.000000 0.000000 0.000000 7.367732
0.000000 1.000000 0.000000 0.000000
0.000000 0.000000 1.000000 0.000000

param_cam4.375
1732.875727 0.000000 943.231169
0.000000 1729.908923 548.845040
0.000000 0.000000 1.000000
0.000000
0.000000
1.000000 0.000000 0.000000 6.969477
0.000000 1.000000 0.000000 0.000000
0.000000 0.000000 1.000000 0.000000

param_cam4.25
1732.875727 0.000000 943.231169
0.000000 1729.908923 548.845040
0.000000 0.000000 1.000000
0.000000
0.000000
1.000000 0.000000 0.000000 6.770349
0.000000 1.000000 0.000000 0.000000
0.000000 0.000000 1.000000 0.000000

param_cam4.125
1732.875727 0.000000 943.231169
0.000000 1729.908923 548.845040
0.000000 0.000000 1.000000
0.000000
0.000000
1.000000 0.000000 0.000000 6.571221
0.000000 1.000000 0.000000 0.000000
0.000000 0.000000 1.000000 0.000000

param_cam3.875
1732.875727 0.000000 943.231169
0.000000 1729.908923 548.845040
0.000000 0.000000 1.000000
0.000000
0.000000
1.000000 0.000000 0.000000 6.172965
0.000000 1.000000 0.000000 0.000000
0.000000 0.000000 1.000000 0.000000

param_cam3.75
1732.875727 0.000000 943.231169
0.000000 1729.908923 548.845040
0.000000 0.000000 1.000000
0.000000
0.000000
1.000000 0.000000 0.000000 5.973837
0.000000 1.000000 0.000000 0.000000
0.000000 0.000000 1.000000 0.000000

param_cam3.625
1732.875727 0.000000 943.231169
0.000000 1729.908923 548.845040
0.000000 0.000000 1.000000
0.000000
0.000000
1.000000 0.000000 0.000000 5.774709
0.000000 1.000000 0.000000 0.000000
0.000000 0.000000 1.000000 0.000000

param_cam3.375
1732.875727 0.000000 943.231169
0.000000 1729.908923 548.845040
0.000000 0.000000 1.000000
0.000000
0.000000
1.000000 0.000000 0.000000 5.376454
0.000000 1.000000 0.000000 0.000000
0.000000 0.000000 1.000000 0.000000

param_cam3.25
1732.875727 0.000000 943.231169
0.000000 1729.908923 548.845040
0.000000 0.000000 1.000000
0.000000
0.000000
1.000000 0.000000 0.000000 5.177326
0.000000 1.000000 0.000000 0.000000
0.000000 0.000000 1.000000 0.000000

param_cam3.125
1732.875727 0.000000 943.231169
0.000000 1729.908923 548.845040
0.000000 0.000000 1.000000
0.000000
0.000000
1.000000 0.000000 0.000000 4.978198
0.000000 1.000000 0.000000 0.000000
0.000000 0.000000 1.000000 0.000000
