param_news00
2929.4940521927465      0.0   307.63334410569644
0.0      2922.7064498725026   555.0109690422262
0.0      0.0  1.0
0.0
0.0
1.0 0.0 0.0   201.61718686381664
0.0 -1.0 0.0  0.0
0.0 0.0 -1.0  0.0

param_news01
2929.4940521927465      0.0   307.63334410569644
0.0      2922.7064498725026   555.0109690422262
0.0      0.0  1.0
0.0
0.0
1.0 0.0 0.0    155.2750267587332
0.0 -1.0 0.0   0.0
0.0 0.0 -1.0   0.0

param_news02
2929.4940521927465      0.0   307.63334410569644
0.0      2922.7064498725026   555.0109690422262
0.0      0.0  1.0
0.0
0.0
1.0 0.0 0.0    108.93286665364974
0.0 -1.0 0.0   0.0
0.0 0.0 -1.0   0.0

param_news02.01
2929.4940521927465      0.0   307.63334410569644
0.0      2922.7064498725026   555.0109690422262
0.0      0.0  1.0
0.0
0.0
1.0 0.0 0.0    105.07102
0.0 -1.0 0.0   0.0
0.0 0.0 -1.0   0.0

param_news02.02
2929.4940521927465      0.0   307.63334410569644
0.0      2922.7064498725026   555.0109690422262
0.0      0.0  1.0
0.0
0.0
1.0 0.0 0.0    101.2091733
0.0 -1.0 0.0   0.0
0.0 0.0 -1.0   0.0

param_news02.03
2929.4940521927465      0.0   307.63334410569644
0.0      2922.7064498725026   555.0109690422262
0.0      0.0  1.0
0.0
0.0
1.0 0.0 0.0    97.34732663
0.0 -1.0 0.0   0.0
0.0 0.0 -1.0   0.0

param_news02.04
2929.4940521927465      0.0   307.63334410569644
0.0      2922.7064498725026   555.0109690422262
0.0      0.0  1.0
0.0
0.0
1.0 0.0 0.0    93.48547995
0.0 -1.0 0.0   0.0
0.0 0.0 -1.0   0.0

param_news02.05
2929.4940521927465      0.0   307.63334410569644
0.0      2922.7064498725026   555.0109690422262
0.0      0.0  1.0
0.0
0.0
1.0 0.0 0.0    89.62363328
0.0 -1.0 0.0   0.0
0.0 0.0 -1.0   0.0

param_news02.06
2929.4940521927465      0.0   307.63334410569644
0.0      2922.7064498725026   555.0109690422262
0.0      0.0  1.0
0.0
0.0
1.0 0.0 0.0    85.7617866
0.0 -1.0 0.0   0.0
0.0 0.0 -1.0   0.0

param_news02.07
2929.4940521927465      0.0   307.63334410569644
0.0      2922.7064498725026   555.0109690422262
0.0      0.0  1.0
0.0
0.0
1.0 0.0 0.0    81.89993993
0.0 -1.0 0.0   0.0
0.0 0.0 -1.0   0.0

param_news02.08
2929.4940521927465      0.0   307.63334410569644
0.0      2922.7064498725026   555.0109690422262
0.0      0.0  1.0
0.0
0.0
1.0 0.0 0.0    78.03809325
0.0 -1.0 0.0   0.0
0.0 0.0 -1.0   0.0

param_news02.09
2929.4940521927465      0.0   307.63334410569644
0.0      2922.7064498725026   555.0109690422262
0.0      0.0  1.0
0.0
0.0
1.0 0.0 0.0    74.17624657
0.0 -1.0 0.0   0.0
0.0 0.0 -1.0   0.0

param_news02.10
2929.4940521927465      0.0   307.63334410569644
0.0      2922.7064498725026   555.0109690422262
0.0      0.0  1.0
0.0
0.0
1.0 0.0 0.0    70.3143999
0.0 -1.0 0.0   0.0
0.0 0.0 -1.0   0.0

param_news02.11
2929.4940521927465      0.0   307.63334410569644
0.0      2922.7064498725026   555.0109690422262
0.0      0.0  1.0
0.0
0.0
1.0 0.0 0.0    66.45255322
0.0 -1.0 0.0   0.0
0.0 0.0 -1.0   0.0

param_news03
2929.4940521927465      0.0   307.63334410569644
0.0      2922.7064498725026   555.0109690422262
0.0      0.0  1.0
0.0
0.0
1.0 0.0 0.0    62.590706548566295
0.0 -1.0 0.0   0.0
0.0 0.0 -1.0   0.0

param_news03.01
2929.4940521927465      0.0   307.63334410569644
0.0      2922.7064498725026   555.0109690422262
0.0      0.0  1.0
0.0
0.0
1.0 0.0 0.0    58.72885987
0.0 -1.0 0.0   0.0
0.0 0.0 -1.0   0.0

param_news03.02
2929.4940521927465      0.0   307.63334410569644
0.0      2922.7064498725026   555.0109690422262
0.0      0.0  1.0
0.0
0.0
1.0 0.0 0.0    54.8670132
0.0 -1.0 0.0   0.0
0.0 0.0 -1.0   0.0

param_news03.03
2929.4940521927465      0.0   307.63334410569644
0.0      2922.7064498725026   555.0109690422262
0.0      0.0  1.0
0.0
0.0
1.0 0.0 0.0    51.00516652
0.0 -1.0 0.0   0.0
0.0 0.0 -1.0   0.0

param_news03.04
2929.4940521927465      0.0   307.63334410569644
0.0      2922.7064498725026   555.0109690422262
0.0      0.0  1.0
0.0
0.0
1.0 0.0 0.0    47.14331985
0.0 -1.0 0.0   0.0
0.0 0.0 -1.0   0.0

param_news03.05
2929.4940521927465      0.0   307.63334410569644
0.0      2922.7064498725026   555.0109690422262
0.0      0.0  1.0
0.0
0.0
1.0 0.0 0.0    43.28147317
0.0 -1.0 0.0   0.0
0.0 0.0 -1.0   0.0

param_news03.06
2929.4940521927465      0.0   307.63334410569644
0.0      2922.7064498725026   555.0109690422262
0.0      0.0  1.0
0.0
0.0
1.0 0.0 0.0    39.4196265
0.0 -1.0 0.0   0.0
0.0 0.0 -1.0   0.0

param_news03.07
2929.4940521927465      0.0   307.63334410569644
0.0      2922.7064498725026   555.0109690422262
0.0      0.0  1.0
0.0
0.0
1.0 0.0 0.0    35.55777982
0.0 -1.0 0.0   0.0
0.0 0.0 -1.0   0.0

param_news03.08
2929.4940521927465      0.0   307.63334410569644
0.0      2922.7064498725026   555.0109690422262
0.0      0.0  1.0
0.0
0.0
1.0 0.0 0.0    31.69593315
0.0 -1.0 0.0   0.0
0.0 0.0 -1.0   0.0

param_news03.09
2929.4940521927465      0.0   307.63334410569644
0.0      2922.7064498725026   555.0109690422262
0.0      0.0  1.0
0.0
0.0
1.0 0.0 0.0    27.83408647
0.0 -1.0 0.0   0.0
0.0 0.0 -1.0   0.0

param_news03.10
2929.4940521927465      0.0   307.63334410569644
0.0      2922.7064498725026   555.0109690422262
0.0      0.0  1.0
0.0
0.0
1.0 0.0 0.0    23.97223979
0.0 -1.0 0.0   0.0
0.0 0.0 -1.0   0.0

param_news03.11
2929.4940521927465      0.0   307.63334410569644
0.0      2922.7064498725026   555.0109690422262
0.0      0.0  1.0
0.0
0.0
1.0 0.0 0.0    20.11039312
0.0 -1.0 0.0   0.0
0.0 0.0 -1.0   0.0

param_news04
2929.4940521927465      0.0   307.63334410569644
0.0      2922.7064498725026   555.0109690422262
0.0      0.0  1.0
0.0
0.0
1.0 0.0 0.0    16.24854644348285
0.0 -1.0 0.0   0.0
0.0 0.0 -1.0   0.0

param_news04.01
2929.4940521927465      0.0   307.63334410569644
0.0      2922.7064498725026   555.0109690422262
0.0      0.0  1.0
0.0
0.0
1.0 0.0 0.0    12.38669977
0.0 -1.0 0.0   0.0
0.0 0.0 -1.0   0.0

param_news04.02
2929.4940521927465      0.0   307.63334410569644
0.0      2922.7064498725026   555.0109690422262
0.0      0.0  1.0
0.0
0.0
1.0 0.0 0.0    8.524853093
0.0 -1.0 0.0   0.0
0.0 0.0 -1.0   0.0

param_news04.03
2929.4940521927465      0.0   307.63334410569644
0.0      2922.7064498725026   555.0109690422262
0.0      0.0  1.0
0.0
0.0
1.0 0.0 0.0    4.663006417
0.0 -1.0 0.0   0.0
0.0 0.0 -1.0   0.0

param_news04.04
2929.4940521927465      0.0   307.63334410569644
0.0      2922.7064498725026   555.0109690422262
0.0      0.0  1.0
0.0
0.0
1.0 0.0 0.0    0.801159742
0.0 -1.0 0.0   0.0
0.0 0.0 -1.0   0.0

param_news04.05
2929.4940521927465      0.0   307.63334410569644
0.0      2922.7064498725026   555.0109690422262
0.0      0.0  1.0
0.0
0.0
1.0 0.0 0.0   -3.060686934
0.0 -1.0 0.0   0.0
0.0 0.0 -1.0   0.0

param_news04.06
2929.4940521927465      0.0   307.63334410569644
0.0      2922.7064498725026   555.0109690422262
0.0      0.0  1.0
0.0
0.0
1.0 0.0 0.0    -6.922533609
0.0 -1.0 0.0   0.0
0.0 0.0 -1.0   0.0

param_news04.07
2929.4940521927465      0.0   307.63334410569644
0.0      2922.7064498725026   555.0109690422262
0.0      0.0  1.0
0.0
0.0
1.0 0.0 0.0    -10.78438028
0.0 -1.0 0.0   0.0
0.0 0.0 -1.0   0.0

param_news04.08
2929.4940521927465      0.0   307.63334410569644
0.0      2922.7064498725026   555.0109690422262
0.0      0.0  1.0
0.0
0.0
1.0 0.0 0.0    -14.64622696
0.0 -1.0 0.0   0.0
0.0 0.0 -1.0   0.0

param_news04.09
2929.4940521927465      0.0   307.63334410569644
0.0      2922.7064498725026   555.0109690422262
0.0      0.0  1.0
0.0
0.0
1.0 0.0 0.0    -18.50807364
0.0 -1.0 0.0   0.0
0.0 0.0 -1.0   0.0

param_news04.10
2929.4940521927465      0.0   307.63334410569644
0.0      2922.7064498725026   555.0109690422262
0.0      0.0  1.0
0.0
0.0
1.0 0.0 0.0    -22.36992031
0.0 -1.0 0.0   0.0
0.0 0.0 -1.0   0.0

param_news04.11
2929.4940521927465      0.0   307.63334410569644
0.0      2922.7064498725026   555.0109690422262
0.0      0.0  1.0
0.0
0.0
1.0 0.0 0.0    -26.23176699
0.0 -1.0 0.0   0.0
0.0 0.0 -1.0   0.0

param_news05
2929.4940521927465      0.0   307.63334410569644
0.0      2922.7064498725026   555.0109690422262
0.0      0.0  1.0
0.0
0.0
1.0 0.0 0.0    -30.093613661600592
0.0 -1.0 0.0   0.0
0.0 0.0 -1.0   0.0

param_news05.01
2929.4940521927465      0.0   307.63334410569644
0.0      2922.7064498725026   555.0109690422262
0.0      0.0  1.0
0.0
0.0
1.0 0.0 0.0    -33.95546034
0.0 -1.0 0.0   0.0
0.0 0.0 -1.0   0.0

param_news05.02
2929.4940521927465      0.0   307.63334410569644
0.0      2922.7064498725026   555.0109690422262
0.0      0.0  1.0
0.0
0.0
1.0 0.0 0.0    -37.81730701
0.0 -1.0 0.0   0.0
0.0 0.0 -1.0   0.0

param_news05.03
2929.4940521927465      0.0   307.63334410569644
0.0      2922.7064498725026   555.0109690422262
0.0      0.0  1.0
0.0
0.0
1.0 0.0 0.0    -41.67915369
0.0 -1.0 0.0   0.0
0.0 0.0 -1.0   0.0

param_news05.04
2929.4940521927465      0.0   307.63334410569644
0.0      2922.7064498725026   555.0109690422262
0.0      0.0  1.0
0.0
0.0
1.0 0.0 0.0    -45.54100036
0.0 -1.0 0.0   0.0
0.0 0.0 -1.0   0.0

param_news05.05
2929.4940521927465      0.0   307.63334410569644
0.0      2922.7064498725026   555.0109690422262
0.0      0.0  1.0
0.0
0.0
1.0 0.0 0.0    -49.40284704
0.0 -1.0 0.0   0.0
0.0 0.0 -1.0   0.0

param_news05.06
2929.4940521927465      0.0   307.63334410569644
0.0      2922.7064498725026   555.0109690422262
0.0      0.0  1.0
0.0
0.0
1.0 0.0 0.0    -53.26469371
0.0 -1.0 0.0   0.0
0.0 0.0 -1.0   0.0

param_news05.07
2929.4940521927465      0.0   307.63334410569644
0.0      2922.7064498725026   555.0109690422262
0.0      0.0  1.0
0.0
0.0
1.0 0.0 0.0    -57.12654039
0.0 -1.0 0.0   0.0
0.0 0.0 -1.0   0.0

param_news05.08
2929.4940521927465      0.0   307.63334410569644
0.0      2922.7064498725026   555.0109690422262
0.0      0.0  1.0
0.0
0.0
1.0 0.0 0.0    -60.98838706
0.0 -1.0 0.0   0.0
0.0 0.0 -1.0   0.0

param_news05.09
2929.4940521927465      0.0   307.63334410569644
0.0      2922.7064498725026   555.0109690422262
0.0      0.0  1.0
0.0
0.0
1.0 0.0 0.0    -64.85023374
0.0 -1.0 0.0   0.0
0.0 0.0 -1.0   0.0

param_news05.10
2929.4940521927465      0.0   307.63334410569644
0.0      2922.7064498725026   555.0109690422262
0.0      0.0  1.0
0.0
0.0
1.0 0.0 0.0    -68.71208042
0.0 -1.0 0.0   0.0
0.0 0.0 -1.0   0.0

param_news05.11
2929.4940521927465      0.0   307.63334410569644
0.0      2922.7064498725026   555.0109690422262
0.0      0.0  1.0
0.0
0.0
1.0 0.0 0.0    -72.57392709
0.0 -1.0 0.0   0.0
0.0 0.0 -1.0   0.0

param_news06
2929.4940521927465      0.0   307.63334410569644
0.0      2922.7064498725026   555.0109690422262
0.0      0.0  1.0
0.0
0.0
1.0 0.0 0.0    -76.43577376668404
0.0 -1.0 0.0   0.0
0.0 0.0 -1.0   0.0

param_news07
2929.4940521927465      0.0   307.63334410569644
0.0      2922.7064498725026   555.0109690422262
0.0      0.0  1.0
0.0
0.0
1.0 0.0 0.0   -122.77793387176749
0.0 -1.0 0.0  0.0
0.0 0.0 -1.0  0.0

param_news08
2929.4940521927465      0.0   307.63334410569644
0.0      2922.7064498725026   555.0109690422262
0.0      0.0  1.0
0.0
0.0
1.0  0.0  0.0  -169.12009397685094
0.0 -1.0  0.0  0.0
0.0  0.0 -1.0  0.0

param_news03.25
2929.494052 0.000000 307.633344
0.000000 2922.706450 555.010969
0.000000 0.000000 1.000000
0.000000
0.000000
1.000000 0.000000 0.000000 51.005167
0.000000 -1.000000 0.000000 0.000000
0.000000 0.000000 -1.000000 0.000000

param_news03.5
2929.494052 0.000000 307.633344
0.000000 2922.706450 555.010969
0.000000 0.000000 1.000000
0.000000
0.000000
1.000000 0.000000 0.000000 39.419626
0.000000 -1.000000 0.000000 0.000000
0.000000 0.000000 -1.000000 0.000000

param_news03.75
2929.494052 0.000000 307.633344
0.000000 2922.706450 555.010969
0.000000 0.000000 1.000000
0.000000
0.000000
1.000000 0.000000 0.000000 27.834086
0.000000 -1.000000 0.000000 0.000000
0.000000 0.000000 -1.000000 0.000000

param_news04.25
2929.494052 0.000000 307.633344
0.000000 2922.706450 555.010969
0.000000 0.000000 1.000000
0.000000
0.000000
1.000000 0.000000 0.000000 4.663006
0.000000 -1.000000 0.000000 0.000000
0.000000 0.000000 -1.000000 0.000000

param_news04.5
2929.494052 0.000000 307.633344
0.000000 2922.706450 555.010969
0.000000 0.000000 1.000000
0.000000
0.000000
1.000000 0.000000 0.000000 -6.922534
0.000000 -1.000000 0.000000 0.000000
0.000000 0.000000 -1.000000 0.000000

param_news04.75
2929.494052 0.000000 307.633344
0.000000 2922.706450 555.010969
0.000000 0.000000 1.000000
0.000000
0.000000
1.000000 0.000000 0.000000 -18.508074
0.000000 -1.000000 0.000000 0.000000
0.000000 0.000000 -1.000000 0.000000

param_news02.25
2929.494052 0.000000 307.633344
0.000000 2922.706450 555.010969
0.000000 0.000000 1.000000
0.000000
0.000000
1.000000 0.000000 0.000000 97.347327
0.000000 -1.000000 0.000000 0.000000
0.000000 0.000000 -1.000000 0.000000

param_news02.5
2929.494052 0.000000 307.633344
0.000000 2922.706450 555.010969
0.000000 0.000000 1.000000
0.000000
0.000000
1.000000 0.000000 0.000000 85.761787
0.000000 -1.000000 0.000000 0.000000
0.000000 0.000000 -1.000000 0.000000

param_news02.75
2929.494052 0.000000 307.633344
0.000000 2922.706450 555.010969
0.000000 0.000000 1.000000
0.000000
0.000000
1.000000 0.000000 0.000000 74.176247
0.000000 -1.000000 0.000000 0.000000
0.000000 0.000000 -1.000000 0.000000

param_news05.25
2929.494052 0.000000 307.633344
0.000000 2922.706450 555.010969
0.000000 0.000000 1.000000
0.000000
0.000000
1.000000 0.000000 0.000000 -41.679154
0.000000 -1.000000 0.000000 0.000000
0.000000 0.000000 -1.000000 0.000000

param_news05.5
2929.494052 0.000000 307.633344
0.000000 2922.706450 555.010969
0.000000 0.000000 1.000000
0.000000
0.000000
1.000000 0.000000 0.000000 -53.264694
0.000000 -1.000000 0.000000 0.000000
0.000000 0.000000 -1.000000 0.000000

param_news05.75
2929.494052 0.000000 307.633344
0.000000 2922.706450 555.010969
0.000000 0.000000 1.000000
0.000000
0.000000
1.000000 0.000000 0.000000 -64.850234
0.000000 -1.000000 0.000000 0.000000
0.000000 0.000000 -1.000000 0.000000
