param_cam0
1732.875727	0.000000	943.231169	
0.000000	1729.908923	548.845040	
0.000000	0.000000	1.000000	
0.000000
0.000000
1.000000	0.000000	0.000000	0.000000	
0.000000	1.000000	0.000000	0.000000	
0.000000	0.000000	1.000000	0.000000	

param_cam1
1732.875727	0.000000	943.231169	
0.000000	1729.908923	548.845040	
0.000000	0.000000	1.000000	
0.000000
0.000000
1.000000	0.000000	0.000000	1.593023	
0.000000	1.000000	0.000000	0.000000	
0.000000	0.000000	1.000000	0.000000	

param_cam2
1732.875727	0.000000	943.231169	
0.000000	1729.908923	548.845040	
0.000000	0.000000	1.000000	
0.000000
0.000000
1.000000	0.000000	0.000000	3.186047	
0.000000	1.000000	0.000000	0.000000	
0.000000	0.000000	1.000000	0.000000	

param_cam3
1732.875727	0.000000	943.231169	
0.000000	1729.908923	548.845040	
0.000000	0.000000	1.000000	
0.000000
0.000000
1.000000	0.000000	0.000000	4.779070	
0.000000	1.000000	0.000000	0.000000	
0.000000	0.000000	1.000000	0.000000	

param_cam3.01
1732.875727	0.000000	943.231169	
0.000000	1729.908923	548.845040	
0.000000	0.000000	1.000000	
0.000000
0.000000
1.000000	0.000000	0.000000	4.878634	
0.000000	1.000000	0.000000	0.000000	
0.000000	0.000000	1.000000	0.000000	

param_cam3.02
1732.875727	0.000000	943.231169	
0.000000	1729.908923	548.845040	
0.000000	0.000000	1.000000	
0.000000
0.000000
1.000000	0.000000	0.000000	4.978198	
0.000000	1.000000	0.000000	0.000000	
0.000000	0.000000	1.000000	0.000000	

param_cam3.03
1732.875727	0.000000	943.231169	
0.000000	1729.908923	548.845040	
0.000000	0.000000	1.000000	
0.000000
0.000000
1.000000	0.000000	0.000000	5.077762	
0.000000	1.000000	0.000000	0.000000	
0.000000	0.000000	1.000000	0.000000	

param_cam3.04
1732.875727	0.000000	943.231169	
0.000000	1729.908923	548.845040	
0.000000	0.000000	1.000000	
0.000000
0.000000
1.000000	0.000000	0.000000	5.177326	
0.000000	1.000000	0.000000	0.000000	
0.000000	0.000000	1.000000	0.000000	

param_cam3.05
1732.875727	0.000000	943.231169	
0.000000	1729.908923	548.845040	
0.000000	0.000000	1.000000	
0.000000
0.000000
1.000000	0.000000	0.000000	5.27689	
0.000000	1.000000	0.000000	0.000000	
0.000000	0.000000	1.000000	0.000000	

param_cam3.06
1732.875727	0.000000	943.231169	
0.000000	1729.908923	548.845040	
0.000000	0.000000	1.000000	
0.000000
0.000000
1.000000	0.000000	0.000000	5.376454	
0.000000	1.000000	0.000000	0.000000	
0.000000	0.000000	1.000000	0.000000	

param_cam3.07
1732.875727	0.000000	943.231169	
0.000000	1729.908923	548.845040	
0.000000	0.000000	1.000000	
0.000000
0.000000
1.000000	0.000000	0.000000	5.476018	
0.000000	1.000000	0.000000	0.000000	
0.000000	0.000000	1.000000	0.000000	

param_cam3.08
1732.875727	0.000000	943.231169	
0.000000	1729.908923	548.845040	
0.000000	0.000000	1.000000	
0.000000
0.000000
1.000000	0.000000	0.000000	5.575582	
0.000000	1.000000	0.000000	0.000000	
0.000000	0.000000	1.000000	0.000000	

param_cam3.09
1732.875727	0.000000	943.231169	
0.000000	1729.908923	548.845040	
0.000000	0.000000	1.000000	
0.000000
0.000000
1.000000	0.000000	0.000000	5.675145	
0.000000	1.000000	0.000000	0.000000	
0.000000	0.000000	1.000000	0.000000	

param_cam3.10
1732.875727	0.000000	943.231169	
0.000000	1729.908923	548.845040	
0.000000	0.000000	1.000000	
0.000000
0.000000
1.000000	0.000000	0.000000	5.774709	
0.000000	1.000000	0.000000	0.000000	
0.000000	0.000000	1.000000	0.000000	

param_cam3.11
1732.875727	0.000000	943.231169	
0.000000	1729.908923	548.845040	
0.000000	0.000000	1.000000	
0.000000
0.000000
1.000000	0.000000	0.000000	5.874273	
0.000000	1.000000	0.000000	0.000000	
0.000000	0.000000	1.000000	0.000000	

param_cam3.12
1732.875727	0.000000	943.231169	
0.000000	1729.908923	548.845040	
0.000000	0.000000	1.000000	
0.000000
0.000000
1.000000	0.000000	0.000000	5.973837	
0.000000	1.000000	0.000000	0.000000	
0.000000	0.000000	1.000000	0.000000	

param_cam3.13
1732.875727	0.000000	943.231169	
0.000000	1729.908923	548.845040	
0.000000	0.000000	1.000000	
0.000000
0.000000
1.000000	0.000000	0.000000	6.073401	
0.000000	1.000000	0.000000	0.000000	
0.000000	0.000000	1.000000	0.000000	

param_cam3.14
1732.875727	0.000000	943.231169	
0.000000	1729.908923	548.845040	
0.000000	0.000000	1.000000	
0.000000
0.000000
1.000000	0.000000	0.000000	6.172965	
0.000000	1.000000	0.000000	0.000000	
0.000000	0.000000	1.000000	0.000000	

param_cam3.15
1732.875727	0.000000	943.231169	
0.000000	1729.908923	548.845040	
0.000000	0.000000	1.000000	
0.000000
0.000000
1.000000	0.000000	0.000000	6.272529	
0.000000	1.000000	0.000000	0.000000	
0.000000	0.000000	1.000000	0.000000	

param_cam4
1732.875727	0.000000	943.231169	
0.000000	1729.908923	548.845040	
0.000000	0.000000	1.000000	
0.000000
0.000000
1.000000	0.000000	0.000000	6.372093	
0.000000	1.000000	0.000000	0.000000	
0.000000	0.000000	1.000000	0.000000	

param_cam4.01
1732.875727	0.000000	943.231169	
0.000000	1729.908923	548.845040	
0.000000	0.000000	1.000000	
0.000000
0.000000
1.000000	0.000000	0.000000	6.471657	
0.000000	1.000000	0.000000	0.000000	
0.000000	0.000000	1.000000	0.000000	

param_cam4.02
1732.875727	0.000000	943.231169	
0.000000	1729.908923	548.845040	
0.000000	0.000000	1.000000	
0.000000
0.000000
1.000000	0.000000	0.000000	6.571221	
0.000000	1.000000	0.000000	0.000000	
0.000000	0.000000	1.000000	0.000000	

param_cam4.03
1732.875727	0.000000	943.231169	
0.000000	1729.908923	548.845040	
0.000000	0.000000	1.000000	
0.000000
0.000000
1.000000	0.000000	0.000000	6.670785	
0.000000	1.000000	0.000000	0.000000	
0.000000	0.000000	1.000000	0.000000	

param_cam4.04
1732.875727	0.000000	943.231169	
0.000000	1729.908923	548.845040	
0.000000	0.000000	1.000000	
0.000000
0.000000
1.000000	0.000000	0.000000	6.770349	
0.000000	1.000000	0.000000	0.000000	
0.000000	0.000000	1.000000	0.000000	

param_cam4.05
1732.875727	0.000000	943.231169	
0.000000	1729.908923	548.845040	
0.000000	0.000000	1.000000	
0.000000
0.000000
1.000000	0.000000	0.000000	6.869913	
0.000000	1.000000	0.000000	0.000000	
0.000000	0.000000	1.000000	0.000000	

param_cam4.06
1732.875727	0.000000	943.231169	
0.000000	1729.908923	548.845040	
0.000000	0.000000	1.000000	
0.000000
0.000000
1.000000	0.000000	0.000000	6.969477	
0.000000	1.000000	0.000000	0.000000	
0.000000	0.000000	1.000000	0.000000	

param_cam4.07
1732.875727	0.000000	943.231169	
0.000000	1729.908923	548.845040	
0.000000	0.000000	1.000000	
0.000000
0.000000
1.000000	0.000000	0.000000	7.069041	
0.000000	1.000000	0.000000	0.000000	
0.000000	0.000000	1.000000	0.000000	

param_cam4.08
1732.875727	0.000000	943.231169	
0.000000	1729.908923	548.845040	
0.000000	0.000000	1.000000	
0.000000
0.000000
1.000000	0.000000	0.000000	7.168605	
0.000000	1.000000	0.000000	0.000000	
0.000000	0.000000	1.000000	0.000000	

param_cam4.09
1732.875727	0.000000	943.231169	
0.000000	1729.908923	548.845040	
0.000000	0.000000	1.000000	
0.000000
0.000000
1.000000	0.000000	0.000000	7.268168	
0.000000	1.000000	0.000000	0.000000	
0.000000	0.000000	1.000000	0.000000	

param_cam4.10
1732.875727	0.000000	943.231169	
0.000000	1729.908923	548.845040	
0.000000	0.000000	1.000000	
0.000000
0.000000
1.000000	0.000000	0.000000	7.367732	
0.000000	1.000000	0.000000	0.000000	
0.000000	0.000000	1.000000	0.000000	

param_cam4.11
1732.875727	0.000000	943.231169	
0.000000	1729.908923	548.845040	
0.000000	0.000000	1.000000	
0.000000
0.000000
1.000000	0.000000	0.000000	7.467296	
0.000000	1.000000	0.000000	0.000000	
0.000000	0.000000	1.000000	0.000000	

param_cam4.12
1732.875727	0.000000	943.231169	
0.000000	1729.908923	548.845040	
0.000000	0.000000	1.000000	
0.000000
0.000000
1.000000	0.000000	0.000000	7.56686	
0.000000	1.000000	0.000000	0.000000	
0.000000	0.000000	1.000000	0.000000	

param_cam4.13
1732.875727	0.000000	943.231169	
0.000000	1729.908923	548.845040	
0.000000	0.000000	1.000000	
0.000000
0.000000
1.000000	0.000000	0.000000	7.666424	
0.000000	1.000000	0.000000	0.000000	
0.000000	0.000000	1.000000	0.000000	

param_cam4.14
1732.875727	0.000000	943.231169	
0.000000	1729.908923	548.845040	
0.000000	0.000000	1.000000	
0.000000
0.000000
1.000000	0.000000	0.000000	7.765988	
0.000000	1.000000	0.000000	0.000000	
0.000000	0.000000	1.000000	0.000000	

param_cam4.15
1732.875727	0.000000	943.231169	
0.000000	1729.908923	548.845040	
0.000000	0.000000	1.000000	
0.000000
0.000000
1.000000	0.000000	0.000000	7.865552	
0.000000	1.000000	0.000000	0.000000	
0.000000	0.000000	1.000000	0.000000

param_cam5
1732.875727	0.000000	943.231169	
0.000000	1729.908923	548.845040	
0.000000	0.000000	1.000000	
0.000000
0.000000
1.000000	0.000000	0.000000	7.965116	
0.000000	1.000000	0.000000	0.000000	
0.000000	0.000000	1.000000	0.000000	

param_cam6
1732.875727	0.000000	943.231169	
0.000000	1729.908923	548.845040	
0.000000	0.000000	1.000000	
0.000000
0.000000
1.000000	0.000000	0.000000	9.558140	
0.000000	1.000000	0.000000	0.000000	
0.000000	0.000000	1.000000	0.000000	

param_cam7
1732.875727	0.000000	943.231169	
0.000000	1729.908923	548.845040	
0.000000	0.000000	1.000000	
0.000000
0.000000
1.000000	0.000000	0.000000	11.151163	
0.000000	1.000000	0.000000	0.000000	
0.000000	0.000000	1.000000	0.000000	

param_cam8
1732.875727	0.000000	943.231169	
0.000000	1729.908923	548.845040	
0.000000	0.000000	1.000000	
0.000000
0.000000
1.000000	0.000000	0.000000	12.744186	
0.000000	1.000000	0.000000	0.000000	
0.000000	0.000000	1.000000	0.000000	

param_cam3.5
1732.875727 0.000000 943.231169
0.000000 1729.908923 548.845040
0.000000 0.000000 1.000000
0.000000
0.000000
1.000000 0.000000 0.000000 5.575582
0.000000 1.000000 0.000000 0.000000
0.000000 0.000000 1.000000 0.000000

param_cam4.875
1732.875727 0.000000 943.231169
0.000000 1729.908923 548.845040
0.000000 0.000000 1.000000
0.000000
0.000000
1.000000 0.000000 0.000000 7.765988
0.000000 1.000000 0.000000 0.000000
0.000000 0.000000 1.000000 0.000000

param_cam4.75
1732.875727 0.000000 943.231169
0.000000 1729.908923 548.845040
0.000000 0.000000 1.000000
0.000000
0.000000
1.000000 0.000000 0.000000 7.566860
0.000000 1.000000 0.000000 0.000000
0.000000 0.000000 1.000000 0.000000

param_cam4.625
1732.875727 0.000000 943.231169
0.000000 1729.908923 548.845040
0.000000 0.000000 1.000000
0.000000
0.000000
1.000000 0.000000 0.000000 7.367732
0.000000 1.000000 0.000000 0.000000
0.000000 0.000000 1.000000 0.000000

param_cam4.375
1732.875727 0.000000 943.231169
0.000000 1729.908923 548.845040
0.000000 0.000000 1.000000
0.000000
0.000000
1.000000 0.000000 0.000000 6.969477
0.000000 1.000000 0.000000 0.000000
0.000000 0.000000 1.000000 0.000000

param_cam4.25
1732.875727 0.000000 943.231169
0.000000 1729.908923 548.845040
0.000000 0.000000 1.000000
0.000000
0.000000
1.000000 0.000000 0.000000 6.770349
0.000000 1.000000 0.000000 0.000000
0.000000 0.000000 1.000000 0.000000

param_cam4.125
1732.875727 0.000000 943.231169
0.000000 1729.908923 548.845040
0.000000 0.000000 1.000000
0.000000
0.000000
1.000000 0.000000 0.000000 6.571221
0.000000 1.000000 0.000000 0.000000
0.000000 0.000000 1.000000 0.000000

param_cam3.875
1732.875727 0.000000 943.231169
0.000000 1729.908923 548.845040
0.000000 0.000000 1.000000
0.000000
0.000000
1.000000 0.000000 0.000000 6.172965
0.000000 1.000000 0.000000 0.000000
0.000000 0.000000 1.000000 0.000000

param_cam3.75
1732.875727 0.000000 943.231169
0.000000 1729.908923 548.845040
0.000000 0.000000 1.000000
0.000000
0.000000
1.000000 0.000000 0.000000 5.973837
0.000000 1.000000 0.000000 0.000000
0.000000 0.000000 1.000000 0.000000

param_cam3.625
1732.875727 0.000000 943.231169
0.000000 1729.908923 548.845040
0.000000 0.000000 1.000000
0.000000
0.000000
1.000000 0.000000 0.000000 5.774709
0.000000 1.000000 0.000000 0.000000
0.000000 0.000000 1.000000 0.000000

param_cam3.375
1732.875727 0.000000 943.231169
0.000000 1729.908923 548.845040
0.000000 0.000000 1.000000
0.000000
0.000000
1.000000 0.000000 0.000000 5.376454
0.000000 1.000000 0.000000 0.000000
0.000000 0.000000 1.000000 0.000000

param_cam3.25
1732.875727 0.000000 943.231169
0.000000 1729.908923 548.845040
0.000000 0.000000 1.000000
0.000000
0.000000
1.000000 0.000000 0.000000 5.177326
0.000000 1.000000 0.000000 0.000000
0.000000 0.000000 1.000000 0.000000

param_cam3.125
1732.875727 0.000000 943.231169
0.000000 1729.908923 548.845040
0.000000 0.000000 1.000000
0.000000
0.000000
1.000000 0.000000 0.000000 4.978198
0.000000 1.000000 0.000000 0.000000
0.000000 0.000000 1.000000 0.000000
