param_kendo00
2241.25607 0.0 701.5
0.0 2241.25607 514.5
0.0 0.0 1.0 
0.0 
0.0 
1.0 0.0 0.0 0.0
0.0 1.0 0.0 0.0 
0.0 0.0 1.0 0.0 

param_kendo01
2241.25607 0.0 701.5
0.0 2241.25607 514.5
0.0 0.0 1.0 
0.0 
0.0 
1.0 0.0 0.0 5.0
0.0 1.0 0.0 0.0 
0.0 0.0 1.0 0.0

param_kendo02
2241.25607 0.0 701.5
0.0 2241.25607 514.5
0.0 0.0 1.0 
0.0 
0.0 
1.0 0.0 0.0 10.0
0.0 1.0 0.0 0.0 
0.0 0.0 1.0 0.0 

param_kendo03
2241.25607 0.0 701.5
0.0 2241.25607 514.5
0.0 0.0 1.0 
0.0 
0.0 
1.0 0.0 0.0 15.0
0.0 1.0 0.0 0.0 
0.0 0.0 1.0 0.0

param_kendo04
2241.25607 0.0 701.5
0.0 2241.25607 514.5
0.0 0.0 1.0 
0.0 
0.0 
1.0 0.0 0.0 20.0
0.0 1.0 0.0 0.0 
0.0 0.0 1.0 0.0 

param_kendo05
2241.25607 0.0 701.5
0.0 2241.25607 514.5
0.0 0.0 1.0 
0.0 
0.0 
1.0 0.0 0.0 25.0
0.0 1.0 0.0 0.0 
0.0 0.0 1.0 0.0

param_kendo06
2241.25607 0.0 701.5
0.0 2241.25607 514.5
0.0 0.0 1.0 
0.0 
0.0 
1.0 0.0 0.0 30.0
0.0 1.0 0.0 0.0 
0.0 0.0 1.0 0.0 

param_kendo02.25
2241.256070 0.000000 701.500000
0.000000 2241.256070 514.500000
0.000000 0.000000 1.000000
0.000000
0.000000
1.000000 0.000000 0.000000 11.250000
0.000000 1.000000 0.000000 0.000000
0.000000 0.000000 1.000000 0.000000

param_kendo02.5
2241.256070 0.000000 701.500000
0.000000 2241.256070 514.500000
0.000000 0.000000 1.000000
0.000000
0.000000
1.000000 0.000000 0.000000 12.500000
0.000000 1.000000 0.000000 0.000000
0.000000 0.000000 1.000000 0.000000

param_kendo02.75
2241.256070 0.000000 701.500000
0.000000 2241.256070 514.500000
0.000000 0.000000 1.000000
0.000000
0.000000
1.000000 0.000000 0.000000 13.750000
0.000000 1.000000 0.000000 0.000000
0.000000 0.000000 1.000000 0.000000

param_kendo03.25
2241.256070 0.000000 701.500000
0.000000 2241.256070 514.500000
0.000000 0.000000 1.000000
0.000000
0.000000
1.000000 0.000000 0.000000 16.250000
0.000000 1.000000 0.000000 0.000000
0.000000 0.000000 1.000000 0.000000

param_kendo03.5
2241.256070 0.000000 701.500000
0.000000 2241.256070 514.500000
0.000000 0.000000 1.000000
0.000000
0.000000
1.000000 0.000000 0.000000 17.500000
0.000000 1.000000 0.000000 0.000000
0.000000 0.000000 1.000000 0.000000

param_kendo03.75
2241.256070 0.000000 701.500000
0.000000 2241.256070 514.500000
0.000000 0.000000 1.000000
0.000000
0.000000
1.000000 0.000000 0.000000 18.750000
0.000000 1.000000 0.000000 0.000000
0.000000 0.000000 1.000000 0.000000

param_kendo01.25
2241.256070 0.000000 701.500000
0.000000 2241.256070 514.500000
0.000000 0.000000 1.000000
0.000000
0.000000
1.000000 0.000000 0.000000 6.250000
0.000000 1.000000 0.000000 0.000000
0.000000 0.000000 1.000000 0.000000

param_kendo01.5
2241.256070 0.000000 701.500000
0.000000 2241.256070 514.500000
0.000000 0.000000 1.000000
0.000000
0.000000
1.000000 0.000000 0.000000 7.500000
0.000000 1.000000 0.000000 0.000000
0.000000 0.000000 1.000000 0.000000

param_kendo01.75
2241.256070 0.000000 701.500000
0.000000 2241.256070 514.500000
0.000000 0.000000 1.000000
0.000000
0.000000
1.000000 0.000000 0.000000 8.750000
0.000000 1.000000 0.000000 0.000000
0.000000 0.000000 1.000000 0.000000

param_kendo04.25
2241.256070 0.000000 701.500000
0.000000 2241.256070 514.500000
0.000000 0.000000 1.000000
0.000000
0.000000
1.000000 0.000000 0.000000 21.250000
0.000000 1.000000 0.000000 0.000000
0.000000 0.000000 1.000000 0.000000

param_kendo04.5
2241.256070 0.000000 701.500000
0.000000 2241.256070 514.500000
0.000000 0.000000 1.000000
0.000000
0.000000
1.000000 0.000000 0.000000 22.500000
0.000000 1.000000 0.000000 0.000000
0.000000 0.000000 1.000000 0.000000

param_kendo04.75
2241.256070 0.000000 701.500000
0.000000 2241.256070 514.500000
0.000000 0.000000 1.000000
0.000000
0.000000
1.000000 0.000000 0.000000 23.750000
0.000000 1.000000 0.000000 0.000000
0.000000 0.000000 1.000000 0.000000
