param_undo_dancer_1     
2302.852541609168 0.0 960.0
0.0 2302.852541609168 540.0 
0.0 0.0 1.0 
0.0 
0.0 
1.0 0.0 0.0 -80.0            
0.0 1.0 0.0 0.0 
0.0 0.0 1.0 0.0 

param_undo_dancer_1.01    
2302.852541609168 0.0 960.0
0.0 2302.852541609168 540.0 
0.0 0.0 1.0 
0.0 
0.0 
1.0 0.0 0.0 -76.66666667            
0.0 1.0 0.0 0.0 
0.0 0.0 1.0 0.0 

param_undo_dancer_1.02
2302.852541609168 0.0 960.0
0.0 2302.852541609168 540.0 
0.0 0.0 1.0 
0.0 
0.0 
1.0 0.0 0.0 -73.33333333            
0.0 1.0 0.0 0.0 
0.0 0.0 1.0 0.0 

param_undo_dancer_1.03
2302.852541609168 0.0 960.0
0.0 2302.852541609168 540.0 
0.0 0.0 1.0 
0.0 
0.0 
1.0 0.0 0.0 -70            
0.0 1.0 0.0 0.0 
0.0 0.0 1.0 0.0 

param_undo_dancer_1.04
2302.852541609168 0.0 960.0
0.0 2302.852541609168 540.0 
0.0 0.0 1.0 
0.0 
0.0 
1.0 0.0 0.0 -66.66666667           
0.0 1.0 0.0 0.0 
0.0 0.0 1.0 0.0 

param_undo_dancer_1.05
2302.852541609168 0.0 960.0
0.0 2302.852541609168 540.0 
0.0 0.0 1.0 
0.0 
0.0 
1.0 0.0 0.0 -63.33333333            
0.0 1.0 0.0 0.0 
0.0 0.0 1.0 0.0 

param_undo_dancer_2
2302.852541609168 0.0 960.0
0.0 2302.852541609168 540.0 
0.0 0.0 1.0 
0.0 
0.0 
1.0 0.0 0.0 -60.0            
0.0 1.0 0.0 0.0 
0.0 0.0 1.0 0.0 

param_undo_dancer_2.01    
2302.852541609168 0.0 960.0
0.0 2302.852541609168 540.0 
0.0 0.0 1.0 
0.0 
0.0 
1.0 0.0 0.0 -56.66666667            
0.0 1.0 0.0 0.0 
0.0 0.0 1.0 0.0 

param_undo_dancer_2.02
2302.852541609168 0.0 960.0
0.0 2302.852541609168 540.0 
0.0 0.0 1.0 
0.0 
0.0 
1.0 0.0 0.0 -53.33333333            
0.0 1.0 0.0 0.0 
0.0 0.0 1.0 0.0 

param_undo_dancer_2.03
2302.852541609168 0.0 960.0
0.0 2302.852541609168 540.0 
0.0 0.0 1.0 
0.0 
0.0 
1.0 0.0 0.0 -50            
0.0 1.0 0.0 0.0 
0.0 0.0 1.0 0.0 

param_undo_dancer_2.04
2302.852541609168 0.0 960.0
0.0 2302.852541609168 540.0 
0.0 0.0 1.0 
0.0 
0.0 
1.0 0.0 0.0 -46.66666667           
0.0 1.0 0.0 0.0 
0.0 0.0 1.0 0.0 

param_undo_dancer_2.05
2302.852541609168 0.0 960.0
0.0 2302.852541609168 540.0 
0.0 0.0 1.0 
0.0 
0.0 
1.0 0.0 0.0 -43.33333333            
0.0 1.0 0.0 0.0 
0.0 0.0 1.0 0.0 

param_undo_dancer_3     
2302.852541609168 0.0 960.0
0.0 2302.852541609168 540.0 
0.0 0.0 1.0 
0.0 
0.0 
1.0 0.0 0.0 -40.0            
0.0 1.0 0.0 0.0 
0.0 0.0 1.0 0.0

param_undo_dancer_3.01    
2302.852541609168 0.0 960.0
0.0 2302.852541609168 540.0 
0.0 0.0 1.0 
0.0 
0.0 
1.0 0.0 0.0 -36.66666667            
0.0 1.0 0.0 0.0 
0.0 0.0 1.0 0.0 

param_undo_dancer_3.02
2302.852541609168 0.0 960.0
0.0 2302.852541609168 540.0 
0.0 0.0 1.0 
0.0 
0.0 
1.0 0.0 0.0 -33.33333333            
0.0 1.0 0.0 0.0 
0.0 0.0 1.0 0.0 

param_undo_dancer_3.03
2302.852541609168 0.0 960.0
0.0 2302.852541609168 540.0 
0.0 0.0 1.0 
0.0 
0.0 
1.0 0.0 0.0 -30            
0.0 1.0 0.0 0.0 
0.0 0.0 1.0 0.0 

param_undo_dancer_3.04
2302.852541609168 0.0 960.0
0.0 2302.852541609168 540.0 
0.0 0.0 1.0 
0.0 
0.0 
1.0 0.0 0.0 -26.66666667           
0.0 1.0 0.0 0.0 
0.0 0.0 1.0 0.0 

param_undo_dancer_3.05
2302.852541609168 0.0 960.0
0.0 2302.852541609168 540.0 
0.0 0.0 1.0 
0.0 
0.0 
1.0 0.0 0.0 -23.33333333            
0.0 1.0 0.0 0.0 
0.0 0.0 1.0 0.0 

param_undo_dancer_4     
2302.852541609168 0.0 960.0
0.0 2302.852541609168 540.0 
0.0 0.0 1.0 
0.0 
0.0 
1.0 0.0 0.0 -20.0            
0.0 1.0 0.0 0.0 
0.0 0.0 1.0 0.0 

param_undo_dancer_4.01    
2302.852541609168 0.0 960.0
0.0 2302.852541609168 540.0 
0.0 0.0 1.0 
0.0 
0.0 
1.0 0.0 0.0 -16.66666667            
0.0 1.0 0.0 0.0 
0.0 0.0 1.0 0.0 

param_undo_dancer_4.02
2302.852541609168 0.0 960.0
0.0 2302.852541609168 540.0 
0.0 0.0 1.0 
0.0 
0.0 
1.0 0.0 0.0 -13.33333333            
0.0 1.0 0.0 0.0 
0.0 0.0 1.0 0.0 

param_undo_dancer_4.03
2302.852541609168 0.0 960.0
0.0 2302.852541609168 540.0 
0.0 0.0 1.0 
0.0 
0.0 
1.0 0.0 0.0 -10            
0.0 1.0 0.0 0.0 
0.0 0.0 1.0 0.0 

param_undo_dancer_4.04
2302.852541609168 0.0 960.0
0.0 2302.852541609168 540.0 
0.0 0.0 1.0 
0.0 
0.0 
1.0 0.0 0.0 -6.66666667           
0.0 1.0 0.0 0.0 
0.0 0.0 1.0 0.0 

param_undo_dancer_4.05
2302.852541609168 0.0 960.0
0.0 2302.852541609168 540.0 
0.0 0.0 1.0 
0.0 
0.0 
1.0 0.0 0.0 -3.33333333            
0.0 1.0 0.0 0.0 
0.0 0.0 1.0 0.0 

param_undo_dancer_5    
2302.852541609168 0.0 960.0
0.0 2302.852541609168 540.0 
0.0 0.0 1.0 
0.0 
0.0 
1.0 0.0 0.0 0.0              
0.0 1.0 0.0 0.0 
0.0 0.0 1.0 0.0

param_undo_dancer_5.01    
2302.852541609168 0.0 960.0
0.0 2302.852541609168 540.0 
0.0 0.0 1.0 
0.0 
0.0 
1.0 0.0 0.0 3.333333333           
0.0 1.0 0.0 0.0 
0.0 0.0 1.0 0.0 

param_undo_dancer_5.02
2302.852541609168 0.0 960.0
0.0 2302.852541609168 540.0 
0.0 0.0 1.0 
0.0 
0.0 
1.0 0.0 0.0 6.666666667           
0.0 1.0 0.0 0.0 
0.0 0.0 1.0 0.0 

param_undo_dancer_5.03
2302.852541609168 0.0 960.0
0.0 2302.852541609168 540.0 
0.0 0.0 1.0 
0.0 
0.0 
1.0 0.0 0.0 10            
0.0 1.0 0.0 0.0 
0.0 0.0 1.0 0.0 

param_undo_dancer_5.04
2302.852541609168 0.0 960.0
0.0 2302.852541609168 540.0 
0.0 0.0 1.0 
0.0 
0.0 
1.0 0.0 0.0 13.33333333           
0.0 1.0 0.0 0.0 
0.0 0.0 1.0 0.0 

param_undo_dancer_5.05
2302.852541609168 0.0 960.0
0.0 2302.852541609168 540.0 
0.0 0.0 1.0 
0.0 
0.0 
1.0 0.0 0.0 16.66666667            
0.0 1.0 0.0 0.0 
0.0 0.0 1.0 0.0 
 
param_undo_dancer_6    
2302.852541609168 0.0 960.0
0.0 2302.852541609168 540.0 
0.0 0.0 1.0 
0.0 
0.0 
1.0 0.0 0.0 20.0            
0.0 1.0 0.0 0.0 
0.0 0.0 1.0 0.0 

param_undo_dancer_6.01    
2302.852541609168 0.0 960.0
0.0 2302.852541609168 540.0 
0.0 0.0 1.0 
0.0 
0.0 
1.0 0.0 0.0 23.333333333           
0.0 1.0 0.0 0.0 
0.0 0.0 1.0 0.0 

param_undo_dancer_6.02
2302.852541609168 0.0 960.0
0.0 2302.852541609168 540.0 
0.0 0.0 1.0 
0.0 
0.0 
1.0 0.0 0.0 26.666666667           
0.0 1.0 0.0 0.0 
0.0 0.0 1.0 0.0 

param_undo_dancer_6.03
2302.852541609168 0.0 960.0
0.0 2302.852541609168 540.0 
0.0 0.0 1.0 
0.0 
0.0 
1.0 0.0 0.0 30            
0.0 1.0 0.0 0.0 
0.0 0.0 1.0 0.0 

param_undo_dancer_6.04
2302.852541609168 0.0 960.0
0.0 2302.852541609168 540.0 
0.0 0.0 1.0 
0.0 
0.0 
1.0 0.0 0.0 33.33333333           
0.0 1.0 0.0 0.0 
0.0 0.0 1.0 0.0 

param_undo_dancer_6.05
2302.852541609168 0.0 960.0
0.0 2302.852541609168 540.0 
0.0 0.0 1.0 
0.0 
0.0 
1.0 0.0 0.0 36.66666667            
0.0 1.0 0.0 0.0 
0.0 0.0 1.0 0.0 

param_undo_dancer_7    
2302.852541609168 0.0 960.0
0.0 2302.852541609168 540.0
0.0 0.0 1.0 
0.0 
0.0 
1.0 0.0 0.0 40.0            
0.0 1.0 0.0 0.0 
0.0 0.0 1.0 0.0

param_undo_dancer_7.01    
2302.852541609168 0.0 960.0
0.0 2302.852541609168 540.0 
0.0 0.0 1.0 
0.0 
0.0 
1.0 0.0 0.0 43.333333333           
0.0 1.0 0.0 0.0 
0.0 0.0 1.0 0.0 

param_undo_dancer_7.02
2302.852541609168 0.0 960.0
0.0 2302.852541609168 540.0 
0.0 0.0 1.0 
0.0 
0.0 
1.0 0.0 0.0 46.666666667           
0.0 1.0 0.0 0.0 
0.0 0.0 1.0 0.0 

param_undo_dancer_7.03
2302.852541609168 0.0 960.0
0.0 2302.852541609168 540.0 
0.0 0.0 1.0 
0.0 
0.0 
1.0 0.0 0.0 50            
0.0 1.0 0.0 0.0 
0.0 0.0 1.0 0.0 

param_undo_dancer_7.04
2302.852541609168 0.0 960.0
0.0 2302.852541609168 540.0 
0.0 0.0 1.0 
0.0 
0.0 
1.0 0.0 0.0 53.33333333           
0.0 1.0 0.0 0.0 
0.0 0.0 1.0 0.0 

param_undo_dancer_7.05
2302.852541609168 0.0 960.0
0.0 2302.852541609168 540.0 
0.0 0.0 1.0 
0.0 
0.0 
1.0 0.0 0.0 56.66666667            
0.0 1.0 0.0 0.0 
0.0 0.0 1.0 0.0 
 
param_undo_dancer_8    
2302.852541609168 0.0 960.0
0.0 2302.852541609168 540.0 
0.0 0.0 1.0 
0.0 
0.0 
1.0 0.0 0.0 60.0            
0.0 1.0 0.0 0.0 
0.0 0.0 1.0 0.0 

param_undo_dancer_8.01    
2302.852541609168 0.0 960.0
0.0 2302.852541609168 540.0 
0.0 0.0 1.0 
0.0 
0.0 
1.0 0.0 0.0 63.333333333           
0.0 1.0 0.0 0.0 
0.0 0.0 1.0 0.0 

param_undo_dancer_8.02
2302.852541609168 0.0 960.0
0.0 2302.852541609168 540.0 
0.0 0.0 1.0 
0.0 
0.0 
1.0 0.0 0.0 66.666666667           
0.0 1.0 0.0 0.0 
0.0 0.0 1.0 0.0 

param_undo_dancer_8.03
2302.852541609168 0.0 960.0
0.0 2302.852541609168 540.0 
0.0 0.0 1.0 
0.0 
0.0 
1.0 0.0 0.0 70            
0.0 1.0 0.0 0.0 
0.0 0.0 1.0 0.0 

param_undo_dancer_8.04
2302.852541609168 0.0 960.0
0.0 2302.852541609168 540.0 
0.0 0.0 1.0 
0.0 
0.0 
1.0 0.0 0.0 73.33333333           
0.0 1.0 0.0 0.0 
0.0 0.0 1.0 0.0 

param_undo_dancer_8.05
2302.852541609168 0.0 960.0
0.0 2302.852541609168 540.0 
0.0 0.0 1.0 
0.0 
0.0 
1.0 0.0 0.0 76.66666667            
0.0 1.0 0.0 0.0 
0.0 0.0 1.0 0.0 

param_undo_dancer_9     
2302.852541609168 0.0 960.0
0.0 2302.852541609168 540.0 
0.0 0.0 1.0 
0.0 
0.0 
1.0 0.0 0.0 80.0            
0.0 1.0 0.0 0.0 
0.0 0.0 1.0 0.0 


