1235.848331
1223.591796
1211.362477
1199.161248
1186.989081
1174.846949
1162.735726
1150.656384
1138.609896
1126.597232
1114.619365
1102.677073
1090.771522
1078.90349
1067.073948
1055.283966
1043.534419
1031.826181
1020.160321
1008.537715
996.959334
985.4261504
973.9390388
962.4989714
951.1070172
939.7638567
928.4707533
917.2283876
906.0378287
894.9001457
883.8160191
872.7866153
861.8127118
850.895475
840.0355853
829.2342091
818.4922212
807.8104964
797.1901038
786.6319182
776.1369116
765.7060075
755.3401777
745.0403457
734.8074834
724.6425629
714.546459
704.5201921
694.5646371
684.6808147
674.8695995
665.1320121
655.468976
645.8813659
636.370251
626.9365061
617.5811032
608.3049657
599.1090655
589.994326
580.9617193
572.0122173
563.1466947
554.3661237
545.6714761
537.0637239
528.543742
520.1125509
511.7710254
503.5201861
495.3609077
487.294211
479.3209705
471.442207
463.6587952
455.9717558
448.3819633
440.8904386
433.4981049
426.2058371
419.0147043
411.9255813
404.9394158
398.0571555
391.2797966
384.608214
378.0434039
371.5863141
365.2378679
358.9990372
352.8707455
346.8539648
340.9496185
335.1586542
329.4820439
323.9207353
318.4756518
313.1477411
307.9379751
302.8472773
297.8766196
293.0269497
288.2991667
283.6942669
279.213198
274.8568834
270.6262706
266.5223318
262.5460147
258.6982182
254.979963
251.3921239
247.9356971
244.6116061
241.4208228
238.3642706
235.4429214
232.6576988
230.0095504
227.4994481
225.0708953
222.6666907
220.2866643
217.9306945
215.5985626
213.2901714
211.0053266
208.7438823
206.5056928
204.2905879
202.0984218
199.9290124
197.782238
195.6579165
193.5558899
191.4760245
189.4181381
187.382085
185.3677071
183.3748466
181.4033575
179.4530577
177.5238136
175.6154549
173.727836
171.8607868
170.0141613
168.1877896
166.3815258
164.5952121
162.8286903
161.0818027
159.3543912
157.6462979
155.9573648
154.2874462
152.636372
151.0039842
149.3901369
147.7946602
146.2174204
144.658223
143.1169466
141.5934211
140.0874764
138.5989787
137.1277582
135.6736567
134.2365163
132.8161913
131.4125115
130.0253311
128.6544801
127.2998127
125.9611587
124.6383845
123.3313078
122.0397829
120.763664
119.5027688
118.2569636
117.0260785
115.8099553
114.6084484
113.4213875
112.2486271
111.0900089
109.9453631
108.8145438
107.697393
106.5937528
105.5034652
104.4263723
103.3623162
102.311151
101.2727067
100.2468313
99.23336701
98.23215578
97.24303968
96.26586685
95.30047326
94.34671311
93.40441631
92.47343099
91.55359919
90.64476904
89.7467826
88.85947584
87.9826969
87.11628781
86.26009065
85.41395352
84.57771242
83.75120939
82.93429864
82.12681006
81.32859179
80.53949196
79.75934653
78.98799757
78.22336745
77.46346361
76.70828605
75.95782868
75.21207937
74.47104419
73.73471098
73.00307367
72.27613834
71.55388677
70.83631894
70.12342879
69.41521025
68.7116633
68.01278189
67.31855992
66.62899134
65.94407005
65.26379
64.58815117
63.91714749
63.25076682
62.58901523
61.93188056
61.27936282
60.63144986
59.98814168
59.3494322
58.71531535
