70625
69812.5
68937.5
68125
67312.5
66500
65750
65000
64250
63531.3
62843.8
62156.3
61531.3
60906.3
60281.3
59718.8
59062.5
58031.3
57000
56031.3
55593.8
56375
55812.5
55250
54718.8
54156.3
53625
53093.8
52531.3
52000
51468.8
50937.5
50406.3
49906.3
49375
48843.8
48343.8
47812.5
47312.5
46781.3
46281.3
45781.3
45281.3
44781.3
44281.3
43781.3
43312.5
42812.5
42312.5
41343.8
40281.3
39187.5
38125
37062.5
35968.8
34906.3
33843.8
33156.3
37656.3
37187.5
36750
36312.5
35843.8
35406.3
34968.8
34562.5
34125
33687.5
33281.3
32843.8
32437.5
32031.3
31609.4
31203.1
30796.9
30406.3
30000
29609.4
29218.8
28843.8
28453.1
28078.1
27703.1
27328.1
26953.1
26593.8
26234.4
25875
25515.6
25156.3
24812.5
24468.8
24125
23781.3
23453.1
23109.4
22296.9
21406.3
20515.6
20093.8
19281.3
21203.1
20390.6
19546.9
18796.9
18062.5
17453.1
19406.3
19109.4
18828.1
18546.9
18281.3
18000
17734.4
17468.8
17203.1
16937.5
16687.5
16437.5
16187.5
15937.5
15640.6
14929.7
14390.6
13687.5
12945.3
12859.4
14312.5
14093.8
13882.8
13664.1
13460.9
13250
13046.9
12781.3
12218.8
11726.6
12164.1
11656.3
11179.7
10757.8
10523.4
11367.2
11195.3
11023.4
10859.4
10695.3
10539.1
10171.9
9585.9
9117.2
8687.5
8671.9
8023.4
7410.2
6812.5
6218.8
5976.6
5363.3
4859.4
4293
8664.1
8554.7
8453.1
8351.6
8257.8
8164.1
8070.3
7988.3
7902.3
7824.2
7746.1
7671.9
7605.5
7539.1
7476.6
7414.1
7351.6
7277.3
7203.1
7128.9
7058.6
6992.2
6925.8
6859.4
6793
6730.5
6671.9
6613.3
6554.7
6496.1
6441.4
6386.7
6335.9
6285.2
6234.4
6183.6
6136.7
6089.8
6043
5996.1
5945.3
5894.5
5843.8
5793
5746.1
5695.3
5648.4
5605.5
5558.6
5519.5
5476.6
5441.4
5406.3
5375
5343.8
5316.4
5293
5269.5
5250
5230.5
5214.8
5199.2
5003.9
4632.8
4324.2
4289.1
4195.3
3898.4
5085.9
5074.2
5062.5
5054.7
5050.8
5046.9
5046.9
4882.8
4578.1
4359.4
4257.8
4683.6
4363.3
4043
3765.6
3552.7
3285.2
3156.3
4976.6
4964.8
70625000
69812.5
68937.5
68125
67312.5
66500
65750
65000
64250
63531.3
62843.8
62156.3
61531.3
60906.3
60281.3
59718.8
59062.5
58031.3
57000
56031.3
55593.8
56375
55812.5
55250
54718.8
54156.3
53625
53093.8
52531.3
52000
51468.8
50937.5
50406.3
49906.3
49375
48843.8
48343.8
47812.5
47312.5
46781.3
46281.3
45781.3
45281.3
44781.3
44281.3
43781.3
43312.5
42812.5
42312.5
41343.8
40281.3
39187.5
38125
37062.5
35968.8
34906.3
33843.8
33156.3
37656.3
37187.5
36750
36312.5
35843.8
35406.3
34968.8
34562.5
34125
33687.5
33281.3
32843.8
32437.5
32031.3
31609.4
31203.1
30796.9
30406.3
30000
29609.4
29218.8
28843.8
28453.1
28078.1
27703.1
27328.1
26953.1
26593.8
26234.4
25875
25515.6
25156.3
24812.5
24468.8
24125
23781.3
23453.1
23109.4
22296.9
21406.3
20515.6
20093.8
19281.3
21203.1
20390.6
19546.9
18796.9
18062.5
17453.1
19406.3
19109.4
18828.1
18546.9
18281.3
18000
17734.4
17468.8
17203.1
16937.5
16687.5
16437.5
16187.5
15937.5
15640.6
14929.7
14390.6
13687.5
12945.3
12859.4
14312.5
14093.8
13882.8
13664.1
13460.9
13250
13046.9
12781.3
12218.8
11726.6
12164.1
11656.3
11179.7
10757.8
10523.4
11367.2
11195.3
11023.4
10859.4
10695.3
10539.1
10171.9
9585.9
9117.2
8687.5
8671.9
8023.4
7410.2
6812.5
6218.8
5976.6
5363.3
4859.4
4293
8664.1
8554.7
8453.1
8351.6
8257.8
8164.1
8070.3
7988.3
7902.3
7824.2
7746.1
7671.9
7605.5
7539.1
7476.6
7414.1
7351.6
7277.3
7203.1
7128.9
7058.6
6992.2
6925.8
6859.4
6793
6730.5
6671.9
6613.3
6554.7
6496.1
6441.4
6386.7
6335.9
6285.2
6234.4
6183.6
6136.7
6089.8
6043
5996.1
5945.3
5894.5
5843.8
5793
5746.1
5695.3
5648.4
5605.5
5558.6
5519.5
5476.6
5441.4
5406.3
5375
5343.8
5316.4
5293
5269.5
5250
5230.5
5214.8
5199.2
5003.9
4632.8
4324.2
4289.1
4195.3
3898.4
5085.9
5074.2
5062.5
5054.7
5050.8
5046.9
5046.9
4882.8
4578.1
4359.4
4257.8
4683.6
4363.3
4043
3765.6
3552.7
3285.2
3156.3
4976.6
4964.8
4953.1
