2118.5971380615200
2097.5859356689400
2076.6213885498000
2055.7049963378900
2034.8384252929700
2014.0233416748000
1993.2612451171900
1972.5538018798800
1951.9026782226500
1931.3095404052700
1910.7760546875000
1890.3035540771500
1869.8940380859400
1849.5488397216800
1829.2696252441400
1809.0582275390600
1788.9161462402300
1768.8448809814400
1748.8462646484400
1728.9217968750000
1709.0731439209000
1689.3019720459000
1669.6097808837900
1649.9982366943400
1630.4691723632800
1611.0237542724600
1591.6641485595700
1572.3915216064400
1553.2077062988300
1534.1145355224600
1515.1131756591800
1496.2056262207000
1477.3932202148400
1458.6779571533200
1440.0610034179700
1421.5443585205100
1403.1295220947300
1384.8179937744100
1366.6116064453100
1348.5118597412100
1330.5204199218800
1312.6388699340800
1294.8688760375900
1277.2120211792000
1259.6699716186500
1242.2443936157200
1224.9367868042000
1207.7489007568400
1190.6822351074200
1173.7385394287100
1156.9193133544900
1140.2263064575200
1123.6611016845700
1107.2251986694300
1090.9204302978500
1074.7482962036100
1058.7104626464800
1042.8085125732400
1027.0441122436500
1011.4188446044900
995.9343759155280
980.5923724365240
965.3943338012700
950.3419262695320
935.4368161010700
920.6806695556620
906.0749862670860
891.6215158081080
877.3217578125000
863.1774618530280
849.1901275634760
835.3615045166040
821.6930923461900
808.1866406250000
794.8436489868180
781.6658670043920
768.6547943115240
755.8121804809560
743.1396084594720
730.6385778808560
718.3109216308560
706.1581393432620
694.1818556213400
682.3836950683560
670.7653656005880
659.3283668518020
648.0744067382820
637.0051098632820
626.1220591735860
615.4269209289540
604.9212780761700
594.6067968750000
584.4850602722150
574.5576928710920
564.8263609313950
555.2926890563950
545.9582601928700
536.8246989440900
527.8936715698220
519.1667610168440
510.6456335449210
502.3319137573220
494.2271429443360
486.3330290222150
478.6511965942370
471.1832286071780
463.9307496643050
456.8954260253900
450.0788822936990
443.4826597595200
437.1085079956050
430.9579266357410
425.0326235961910
419.3341818237300
413.8642675781250
408.6244638061510
403.6164367675770
398.8417694091770
394.3020863342280
389.9990538024890
385.8358204650880
381.7143269348140
377.6342816162110
373.5954762268050
369.5975358581540
365.6402938842760
361.7234170532210
357.8466554260240
354.0097590637190
350.2124363708480
346.4544374084450
342.7354497528060
339.0552651214600
335.4135710906960
331.8100968933090
328.2446134185780
324.7168082427970
321.2264314270000
317.7732122039790
314.3568798065170
310.9771842956540
307.6338132476790
304.3265375518780
301.0550656127920
297.8191474914540
294.6184915924070
291.4528479766830
288.3219250488270
285.2254728698730
282.1632206726050
279.1348976898190
276.1402331542960
273.1789562988270
270.2507963561990
267.3554825592030
264.4927649688720
261.6623519897450
258.8639728546130
256.0973776245110
253.3622747039790
250.6584349822990
247.9855252075180
245.3433370971670
242.7315790557840
240.1499594879140
237.5982492828370
235.0761568450910
232.5834114074690
230.1197422027580
227.6848992919910
225.2785910797120
222.9005676269520
220.5505373382550
218.2282502746580
215.9334148406980
213.6658019256590
211.4250991058350
209.2110564422600
207.0234239959720
204.8618893432610
202.7262233734130
200.6161344909670
198.5313519287110
196.4716257476800
194.4366643524170
192.4262178039550
190.4400153350830
188.4777653503420
186.5392179107660
184.6241022491450
182.7321475982660
180.8630831909180
179.0166382598870
177.1925420379640
175.3905445861820
173.6103543090820
171.8517108535760
170.1143434524530
168.3979813385010
166.7023537445070
165.0272003173820
163.3722398757940
161.7372224807740
160.1218565368650
158.5258816909790
156.9490271759030
155.3910326385500
153.8516273117060
152.3305300140380
150.8274803924560
149.3422076797480
147.8744411087030
146.4239203262330
144.9903641510010
143.5735018157960
142.1730833816530
140.7888172531130
139.4204430770870
138.0677005004880
136.7303083419800
135.4079958343510
134.0972013473510
132.7945090484620
131.4999189376830
130.2134206008910
128.9349932098390
127.6646471786500
126.4023616790770
125.1481262969970
123.9019514465330
122.6638058853150
121.4336896133420
120.2115922164920
118.9975032806390
117.7914228057860
116.5933403778070
115.4032455825800
114.2211280059820
113.0469772338860
111.8807828521730
110.7225448608400
109.5722528457640
108.4298859786980
107.2954546737670
106.1689381027220
105.0503362655640
103.9396283340450
102.8368143081670
101.7418837738040
100.6548263168330
