70625
69812.5
68937.5
68125
67312.5
66500
65750
65000
64250
63531.25
62843.75
62156.25
61531.25
60906.25
60281.25
59718.75
59062.5
58031.25
56968.75
55937.5
54937.5
54468.75
55812.5
55250
54718.75
54156.25
53625
53093.75
52531.25
52000
51468.75
50937.5
50406.25
49906.25
49375
48843.75
48343.75
47812.5
47312.5
46781.25
46281.25
45781.25
45281.25
44781.25
44281.25
43781.25
43312.5
42812.5
42312.5
41343.75
40281.25
39187.5
38125
37062.5
35968.75
34906.25
33843.75
33156.25
37656.25
37187.5
36750
36312.5
35843.75
35406.25
34968.75
34562.5
34125
33687.5
33281.25
32843.75
32437.5
32031.25
31609.375
31203.125
30796.875
30406.25
30000
29609.375
29218.75
28843.75
28453.125
28078.125
27703.125
27328.125
26953.125
26593.75
26234.375
25875
25515.625
25156.25
24812.5
24468.75
24125
23781.25
23453.125
23125
22296.875
21406.25
20515.625
20093.75
19281.25
21203.125
20390.625
19546.875
18796.875
18062.5
17453.125
19406.25
19109.375
18828.125
18546.875
18281.25
18000
17734.375
17468.75
17203.125
16937.5
16687.5
16437.5
16187.5
15937.5
15640.625
14921.875
14382.813
13679.688
12937.5
12273.438
14312.5
14093.75
13875
13664.063
13453.125
13250
13046.875
12757.813
12132.813
11703.125
12085.938
11585.938
11093.75
10617.188
10328.125
11359.375
11187.5
11015.625
10851.563
10695.313
10531.25
10171.875
9585.938
9117.188
8687.5
8671.875
8031.25
7425.781
6828.125
6234.375
5976.563
5355.469
4855.469
4292.969
3691.406
8554.688
8445.313
8343.75
8250
8156.25
8062.5
7980.469
7894.531
7816.406
7738.281
7664.063
7589.844
7523.438
7460.938
7398.438
7339.844
7277.344
7203.125
7128.906
7058.594
6992.188
6925.781
6859.375
6792.969
6730.469
6671.875
6613.281
6554.688
6496.094
6441.406
6386.719
6335.938
6285.156
6234.375
6183.594
6136.719
6089.844
6042.969
5996.094
5945.313
5894.531
5843.75
5792.969
5746.094
5695.313
5648.438
5605.469
5558.594
5519.531
5476.563
5441.406
5406.25
5371.094
5343.75
5316.406
5292.969
5269.531
5250
5230.469
5214.844
5199.219
5007.813
4640.625
4320.313
4289.063
4195.313
5105.469
5089.844
5078.125
5066.406
5058.594
5054.688
5050.781
5050.781
4882.813
4578.125
4394.531
4855.469
4683.594
4363.281
4042.969
3765.625
3552.734
3285.156
3156.25
4976.563
4964.844
4953.125
