706.1990460205080
699.1953118896480
692.2071295166000
685.2349987792960
678.2794750976560
671.3411138916000
664.4204150390620
657.5179339599600
650.6342260742180
643.7698468017580
636.9253515625000
630.1011846923820
623.2980126953120
616.5162799072260
609.7565417480460
603.0194091796880
596.3053820800780
589.6149603271480
582.9487548828120
576.3072656250000
569.6910479736320
563.1006573486320
556.5365936279300
549.9994122314460
543.4897241210940
537.0079180908200
530.5547161865240
524.1305072021480
517.7359020996100
511.3715118408200
505.0377252197260
498.7352087402340
492.4644067382800
486.2259857177740
480.0203344726560
473.8481195068360
467.7098406982420
461.6059979248040
455.5372021484380
449.5039532470700
443.5068066406260
437.5462899780280
431.6229586791980
425.7373403930660
419.8899905395500
414.0814645385740
408.3122622680660
402.5829669189460
396.8940783691400
391.2461798095700
385.6397711181640
380.0754354858400
374.5537005615240
369.0750662231440
363.6401434326160
358.2494320678700
352.9034875488280
347.6028375244140
342.3480374145500
337.1396148681640
331.9781253051760
326.8641241455080
321.7981112670900
316.7806420898440
311.8122720336900
306.8935565185540
302.0249954223620
297.2071719360360
292.4405859375000
287.7258206176760
283.0633758544920
278.4538348388680
273.8976974487300
269.3955468750000
264.9478829956060
260.5552890014640
256.2182647705080
251.9373934936520
247.7132028198240
243.5461926269520
239.4369738769520
235.3860464477540
231.3939518737800
227.4612316894520
223.5884552001960
219.7761222839340
216.0248022460940
212.3350366210940
208.7073530578620
205.1423069763180
201.6404260253900
198.2022656250000
194.8283534240720
191.5192309570310
188.2754536437980
185.0975630187980
181.9860867309570
178.9415663146970
175.9645571899410
173.0555870056150
170.2152111816400
167.4439712524410
164.7423809814450
162.1110096740720
159.5503988647460
157.0610762023930
154.6435832214350
152.2984753417970
150.0262940979000
147.8275532531730
145.7028359985350
143.6526422119140
141.6775411987300
139.7780606079100
137.9547558593750
136.2081546020500
134.5388122558590
132.9472564697260
131.4340287780760
129.9996846008300
128.6119401550290
127.2381089782710
125.8780938720700
124.5318254089350
123.1991786193850
121.8800979614250
120.5744723510740
119.2822184753410
118.0032530212400
116.7374787902830
115.4848124694820
114.2451499176020
113.0184217071530
111.8045236968990
110.6033656311030
109.4148711395260
108.2389360809320
107.0754771423330
105.9244040679930
104.7856266021720
103.6590614318850
102.5446044158930
101.4421791839590
100.3516885375970
99.2730491638180
98.2061638641356
97.1509493255610
96.1073083496090
95.0751576232910
94.0544068908684
93.0449658966064
92.0467443847654
91.0596520996090
90.0835987853998
89.1184941864010
88.1642549896240
87.2207839965818
86.2879909515376
85.3657925415036
84.4540915679930
83.5528116607664
82.6618417358392
81.7811123657222
80.9105263519280
80.0499864959712
79.1994164276122
78.3587189483636
77.5278038024898
76.7065807342526
75.8949664306638
75.0928636932372
74.3001892089840
73.5168457794184
72.7427500915528
71.9778049468994
71.2219339752196
70.4750330352784
69.7370188140868
69.0078079986572
68.2872964477538
67.5754077911376
66.8720448303222
66.1771173095702
65.4905419158934
64.8122214508056
64.1420726013184
63.4800051116942
62.8259217834472
62.1797393035888
61.5413674163818
60.9107158660888
60.2876943969726
59.6722127532958
59.0641806793212
58.4635148620606
57.8701181030274
57.2839036178588
56.7047811508178
56.1326604461670
55.5674512481690
55.0090667724608
54.4574132919312
53.9124074935912
53.3739521789550
52.8419605636596
52.3163423919678
51.7970108795166
51.2838757705688
50.7768433380126
50.2758267974854
49.7807358932494
49.2914803695678
48.8079734420776
48.3301213836670
47.8578339385986
47.3910277938842
46.9296057510376
46.4734810256958
46.0225668334960
45.5767694473266
45.1359986114502
44.6990671157836
44.2648363494872
43.8333063125610
43.4044735336304
42.9783310699462
42.5548823928832
42.1341205596924
41.7160420989990
41.3006504821778
40.8879352951050
40.4778965377808
40.0705307388306
39.6658344268798
39.2638076019286
38.8644467926024
38.4677485275268
38.0737093353272
37.6823257446288
37.2935942840576
36.9075149536132
36.5240842819214
36.1432953262328
35.7651515579224
35.3896460342406
35.0167787551880
34.6465427780150
34.2789381027222
33.9139612579346
33.5516087722778
