1412.3980920410200
1398.3906237793000
1384.4142590332000
1370.4699975585900
1356.5589501953100
1342.6822277832000
1328.8408300781200
1315.0358679199200
1301.2684521484400
1287.5396936035200
1273.8507031250000
1260.2023693847600
1246.5960253906200
1233.0325598144500
1219.5130834960900
1206.0388183593800
1192.6107641601600
1179.2299206543000
1165.8975097656200
1152.6145312500000
1139.3820959472600
1126.2013146972600
1113.0731872558600
1099.9988244628900
1086.9794482421900
1074.0158361816400
1061.1094323730500
1048.2610144043000
1035.4718041992200
1022.7430236816400
1010.0754504394500
997.4704174804680
984.9288134765600
972.4519714355480
960.0406689453120
947.6962390136720
935.4196813964840
923.2119958496080
911.0744042968760
899.0079064941400
887.0136132812520
875.0925799560560
863.2459173583960
851.4746807861320
839.7799810791000
828.1629290771480
816.6245245361320
805.1659338378920
793.7881567382800
782.4923596191400
771.2795422363280
760.1508709716800
749.1074011230480
738.1501324462880
727.2802868652320
716.4988641357400
705.8069750976560
695.2056750488280
684.6960748291000
674.2792297363280
663.9562506103520
653.7282482910160
643.5962225341800
633.5612841796880
623.6245440673800
613.7871130371080
604.0499908447240
594.4143438720720
584.8811718750000
575.4516412353520
566.1267517089840
556.9076696777360
547.7953948974600
538.7910937500000
529.8957659912120
521.1105780029280
512.4365295410160
503.8747869873040
495.4264056396480
487.0923852539040
478.8739477539040
470.7720928955080
462.7879037475600
454.9224633789040
447.1769104003920
439.5522445678680
432.0496044921880
424.6700732421880
417.4147061157240
410.2846139526360
403.2808520507800
396.4045312500000
389.6567068481430
383.0384619140620
376.5509072875960
370.1951260375960
363.9721734619140
357.8831326293930
351.9291143798820
346.1111740112300
340.4304223632810
334.8879425048820
329.4847619628900
324.2220193481430
319.1007977294910
314.1221524047850
309.2871664428700
304.5969506835940
300.0525881958000
295.6551065063460
291.4056719970700
287.3052844238280
283.3550823974600
279.5561212158200
275.9095117187500
272.4163092041010
269.0776245117180
265.8945129394520
262.8680575561520
259.9993692016590
257.2238803100580
254.4762179565420
251.7561877441400
249.0636508178700
246.3983572387690
243.7601959228510
241.1489447021480
238.5644369506830
236.0065060424800
233.4749575805660
230.9696249389640
228.4902998352040
226.0368434143060
223.6090473937980
221.2067312622060
218.8297422790520
216.4778721618650
214.1509542846670
211.8488081359860
209.5712532043440
207.3181228637690
205.0892088317860
202.8843583679190
200.7033770751940
198.5460983276360
196.4123277282710
194.3018986511220
192.2146166992180
190.1503152465820
188.1088137817370
186.0899317932130
184.0934887695310
182.1193041992180
180.1671975708000
178.2369883728020
176.3285099792480
174.4415679931640
172.5759819030750
170.7315850830070
168.9081831359860
167.1056233215330
165.3236834716780
163.5622247314440
161.8210527038560
160.0999729919420
158.3988328552240
156.7174378967270
155.0556076049800
153.4131614685050
151.7899328613280
150.1857273864740
148.6003784179680
147.0336915588370
145.4855001831060
143.9556098937990
142.4438679504390
140.9500660705570
139.4740376281740
138.0156159973140
136.5745928955080
135.1508155822750
133.7440896606440
132.3542346191400
130.9810838317870
129.6244429016110
128.2841452026370
126.9600102233880
125.6518435668940
124.3594786071780
123.0827348327640
121.8214317321780
120.5753887939450
119.3444255065920
118.1283613586420
116.9270297241210
115.7402362060550
114.5678072357180
113.4095623016360
112.2653208923340
111.1349024963380
110.0181335449220
108.9148265838620
107.8248149871820
106.7479043579100
105.6839211273190
104.6326847839360
103.5940217590330
102.5677515411380
101.5536866760250
100.5516535949710
99.5614717864988
98.5829607391356
97.6159468841552
96.6602427673340
95.7156678771972
94.7820555877684
93.8592115020752
92.9469620513916
92.0451336669920
91.1535388946532
90.2719972229004
89.3981342315672
88.5296726989744
87.6666126251220
86.8089470672608
85.9566621398924
85.1097647857664
84.2682411193848
83.4320841979980
82.6013009643556
81.7758705902100
80.9557930755616
80.1410614776612
79.3316688537596
78.5276152038572
77.7288935852048
76.9354970550536
76.1474186706544
75.3646514892576
74.5871885681152
73.8150299072264
73.0481685638428
72.2865906524656
71.5303031158448
70.7792920684812
70.0335575103760
69.2930855560300
68.5578762054444
67.8279225158692
67.1032175445556
