2471.6966610717800
2447.1835916137700
2422.7249533081000
2398.3224957275400
2373.9781628418000
2349.6938986206000
2325.4714526367200
2301.3127688598600
2277.2197912597600
2253.1944638061500
2229.2387304687500
2205.3541464233400
2181.5430444335900
2157.8069796752900
2134.1478961181600
2110.5679321289100
2087.0688372802700
2063.6523611450200
2040.3206420898400
2017.0754296875000
1993.9186679077100
1970.8523007202100
1947.8780776977500
1924.9979428100600
1902.2140344238300
1879.5277133178700
1856.9415066528300
1834.4567752075200
1812.0756573486400
1789.8002914428700
1767.6320382690400
1745.5732305908200
1723.6254235839800
1701.7909500122100
1680.0711706543000
1658.4684182739300
1636.9844424438500
1615.6209927368100
1594.3802075195300
1573.2638363647400
1552.2738232421900
1531.4120149231000
1510.6803553771900
1490.0806913757300
1469.6149668884200
1449.2851258850100
1429.0929179382300
1409.0403842163100
1389.1292742919900
1369.3616293334900
1349.7391989135700
1330.2640242004400
1310.9379519653300
1291.7627317810000
1272.7405020141600
1253.8730122375500
1235.1622064209000
1216.6099313354500
1198.2181309509200
1179.9886520385700
1161.9234385681200
1144.0244345092800
1126.2933894348200
1108.7322473144500
1091.3429521179200
1074.1274478149400
1057.0874839782700
1040.2251017761300
1023.5420507812500
1007.0403721618700
990.7218154907220
974.5884219360380
958.6419410705550
942.8844140625000
927.3175904846210
911.9435115051240
896.7639266967780
881.7808772277820
866.9962098693840
852.4116741943320
838.0294085693320
823.8511625671390
809.8788315582300
796.1143109130820
782.5595932006860
769.2164279937690
756.0868078613290
743.1726281738290
730.4757357025170
717.9980744171130
705.7414910888650
693.7079296875000
681.8992369842510
670.3173083496080
658.9640877532940
647.8414705657940
636.9513035583490
626.2954821014380
615.8759501647930
605.6945545196520
595.7532391357410
586.0538993835430
576.5983334350580
567.3885338592510
558.4263960266100
549.7137667083740
541.2525412750230
533.0446636962890
525.0920293426490
517.3964363861060
509.9599259948720
502.7842477416980
495.8713941955560
489.2232121276850
482.8416455078130
476.7285411071760
470.8858428955060
465.3153976440400
460.0191007232660
454.9988961029040
450.1417905426020
445.3333814239490
440.5733285522460
435.8613889312730
431.1971251678460
426.5803428649890
422.0106532287580
417.4877646636950
413.0113855743390
408.5811757659900
404.1968436431860
399.8580247116070
395.5644759750360
391.3158329391460
387.1117797088610
382.9520489883410
378.8362762832630
374.7641699981670
370.7354142379750
366.7496931076030
362.8067150115960
358.9061154556260
355.0476271438580
351.2309098815900
347.4556720733630
343.7215735244750
340.0283226394640
336.3755792236320
332.7630516815190
329.1904241180390
325.6573806381220
322.1636053466790
318.7087823486310
315.2925957488990
311.9147296524030
308.5748924636840
305.2727439880360
302.0079683303820
298.7802738952630
295.5893204879750
292.4348408126820
289.3164460754370
286.2338932800280
283.1868422317480
280.1749527358990
277.1979574966430
274.2555163192730
271.3473133087140
268.4730325698840
265.6323825073230
262.8250229263300
260.0506622314440
257.3089602279640
254.5996253204350
251.9223173141480
249.2767689132690
246.6626156234740
244.0795658493040
241.5273279953000
239.0055375671380
236.5139272689820
234.0521569061280
231.6199105834960
229.2168967056270
226.8427750778200
224.4972541046140
222.1800178909300
219.8907262420650
217.6290875625610
215.3947859573360
213.1875055313110
211.0069303894040
208.8527446365350
206.7246323776240
204.6223020172120
202.5454133605960
200.4936626625060
198.4667340278620
196.4643115615850
194.4860793685920
192.5317337036130
190.6009465217590
188.6934262275690
186.8088326263430
184.9468619728090
183.1071983718870
181.2895380783080
179.4935651969910
177.7189516830440
175.9653937911990
174.2325756263730
172.5201812934870
170.8279070472720
169.1554248428340
167.5024187850950
165.8685972785950
164.2536201286320
162.6571835899350
161.0789839172360
159.5186930656430
157.9759951400760
156.4467349052430
154.9269272232050
153.4165720939640
151.9156573677060
150.4241587448120
148.9420883750910
147.4694219589230
146.0061473464970
144.5522766876220
143.1077735328670
141.6726378822330
140.2468575859070
138.8304204940790
137.4233266067500
136.0255637741080
134.6371198463440
133.2579826736450
131.8881401062010
130.5275799942020
129.1763023376460
127.8342949867250
126.5015336418150
125.1780304527280
123.8637611198420
122.5587256431580
121.2628997230520
119.9762833595280
118.6988644027710
117.4306307029720
