2824.7961840820300
2796.7812475585900
2768.8285180664000
2740.9399951171800
2713.1179003906200
2685.3644555664000
2657.6816601562500
2630.0717358398400
2602.5369042968700
2575.0793872070300
2547.7014062500000
2520.4047387695300
2493.1920507812500
2466.0651196289000
2439.0261669921800
2412.0776367187500
2385.2215283203100
2358.4598413085900
2331.7950195312500
2305.2290625000000
2278.7641918945300
2252.4026293945300
2226.1463745117200
2199.9976489257800
2173.9588964843800
2148.0316723632800
2122.2188647461000
2096.5220288085900
2070.9436083984400
2045.4860473632800
2020.1509008789000
1994.9408349609400
1969.8576269531200
1944.9039428711000
1920.0813378906200
1895.3924780273400
1870.8393627929700
1846.4239916992200
1822.1488085937500
1798.0158129882800
1774.0272265625000
1750.1851599121100
1726.4918347167900
1702.9493615722600
1679.5599621582000
1656.3258581543000
1633.2490490722600
1610.3318676757800
1587.5763134765600
1564.9847192382800
1542.5590844726600
1520.3017419433600
1498.2148022461000
1476.3002648925800
1454.5605737304600
1432.9977282714800
1411.6139501953100
1390.4113500976600
1369.3921496582000
1348.5584594726600
1327.9125012207000
1307.4564965820300
1287.1924450683600
1267.1225683593800
1247.2490881347600
1227.5742260742200
1208.0999816894500
1188.8286877441400
1169.7623437500000
1150.9032824707000
1132.2535034179700
1113.8153393554700
1095.5907897949200
1077.5821875000000
1059.7915319824200
1042.2211560058600
1024.8730590820300
1007.7495739746100
990.8528112792960
974.1847705078080
957.7478955078080
941.5441857910160
925.5758074951200
909.8449267578080
894.3538208007840
879.1044891357360
864.0992089843760
849.3401464843760
834.8294122314480
820.5692279052720
806.5617041015600
792.8090625000000
779.3134136962860
766.0769238281230
753.1018145751930
740.3902520751930
727.9443469238270
715.7662652587860
703.8582287597630
692.2223480224590
680.8608447265620
669.7758850097630
658.9695239257810
648.4440386962860
638.2015954589820
628.2443048095700
618.5743328857400
609.1939013671870
600.1051763915990
591.3102130126930
582.8113439941400
574.6105688476550
566.7101647949210
559.1122424316400
551.8190234375000
544.8326184082020
538.1552490234360
531.7890258789030
525.7361151123040
519.9987384033180
514.4477606201170
508.9524359130850
503.5123754882810
498.1273016357400
492.7967144775380
487.5203918457020
482.2978894042950
477.1288739013660
472.0130120849590
466.9499151611310
461.9392498779270
456.9805996704080
452.0736868286130
447.2180947875950
442.4134625244120
437.6594845581040
432.9557443237300
428.3019085693340
423.6976162719720
419.1425064086890
414.6362457275380
410.1784176635720
405.7687167358380
401.4067541503890
397.0921966552720
392.8246554565420
388.6037973022440
384.4292333984360
380.3006304931640
376.2176275634740
372.1798635864260
368.1869775390620
364.2386083984360
360.3343951415990
356.4739767456040
352.6570199584960
348.8831359863270
345.1519638061500
341.4631701660140
337.8163662719720
334.2112466430660
330.6473669433570
327.1244494628890
323.6421054077120
320.1999459838850
316.7976657104490
313.4348757934540
310.1112152099590
306.8263229370100
303.5798657226550
300.3714547729490
297.2007568359360
294.0673831176740
290.9710003662110
287.9112197875980
284.8877359008780
281.9001321411140
278.9480752563470
276.0312319946290
273.1491857910150
270.3016311645500
267.4881793212890
264.7084692382810
261.9621676635740
259.2488858032220
256.5682904052740
253.9200204467770
251.3036871337890
248.7189572143550
246.1654696655270
243.6428634643550
241.1507775878900
238.6888510131830
236.2567227172850
233.8540594482420
231.4804724121100
229.1356144714350
226.8191246032710
224.5306417846680
222.2698049926760
220.0362670898430
217.8296531677250
215.6496299743650
213.4958087158200
211.3678422546380
209.2653695678710
207.1880435180660
205.1355030822750
203.1073733520500
201.1033071899420
199.1229435729980
197.1659214782710
195.2318937683100
193.3204855346680
191.4313357543940
189.5641111755370
187.7184230041500
185.8939241027830
184.0902673339840
182.3070777893060
180.5439944458010
178.7962684631340
177.0593453979490
175.3332252502440
173.6178941345220
171.9133242797850
170.2195295715330
168.5364822387700
166.8641683959960
165.2026019287110
163.5517411804200
161.9115861511230
160.2821229553220
158.6633377075190
157.0552304077140
155.4577871704100
153.8709941101070
152.2948373413090
150.7293029785150
149.1743771362300
147.6300598144530
146.0963371276860
144.5731813049310
143.0606062316900
141.5585841369620
140.0671150207520
138.5861711120600
137.1157524108890
135.6558450317380
134.2064350891110
