1588.9478535461400
1573.1894517517100
1557.4660414123500
1541.7787472534200
1526.1288189697300
1510.5175062561000
1494.9459338378900
1479.4153514099100
1463.9270086669900
1448.4821553039600
1433.0820410156300
1417.7276655578600
1402.4205285644500
1387.1616297912600
1371.9522189331000
1356.7936706543000
1341.6871096801800
1326.6336607360800
1311.6346984863300
1296.6913476562500
1281.8048579406700
1266.9764790344200
1252.2073356628400
1237.4986775207500
1222.8518792724600
1208.2678157043400
1193.7481114196800
1179.2936412048300
1164.9057797241200
1150.5859016418500
1136.3348817443800
1122.1542196655300
1108.0449151611300
1094.0084678649900
1080.0457525634800
1066.1582688903800
1052.3471415710400
1038.6134953308100
1024.9587048339900
1011.3838948059100
997.8903149414090
984.4791524505630
971.1516570281950
957.9090158843990
944.7524787139880
931.6832952117910
918.7025901031480
905.8116755676290
893.0116763305650
880.3039045715320
867.6894850158690
855.1697298431400
842.7458262634290
830.4188990020740
818.1903227233860
806.0612221527070
794.0328469848630
782.1063844299310
770.2830841827380
758.5641334533690
746.9507819366460
735.4442793273930
724.0457503509530
712.7564447021490
701.5776120758030
690.5105021667470
679.5562397003140
668.7161368560810
657.9913183593750
647.3830963897710
636.8925956726070
626.5211283874530
616.2698192596430
606.1399804687500
596.1327367401140
586.2494002532940
576.4910957336430
566.8591353607170
557.3547063446040
547.9789334106420
538.7331912231420
529.6186045074470
520.6363917160050
511.7877713012670
503.0740242004410
494.4962751388520
486.0558050537110
477.7538323974610
469.5915443801900
461.5701906967150
453.6909585571280
445.9550976562500
438.3637952041610
430.9182696533190
423.6197706985460
416.4695167922960
409.4686951446530
402.6185242080670
395.9202536773670
389.3750707626330
382.9842251586910
376.7489353179920
370.6703572082520
364.7497717666610
358.9883974456780
353.3874214553830
347.9480622482290
342.6715695190430
337.5591617202750
332.6119948196400
327.8313809967040
323.2184449768060
318.7744676971430
314.5006363677970
310.3982006835940
306.4683478546130
302.7123275756830
299.1313270568830
295.7265647506710
292.4992903518670
289.3768653488160
286.2857452011100
283.2257112121580
280.1966071701040
277.1981518936150
274.2302204132070
271.2925627899160
268.3849915695180
265.5073192977900
262.6593272781360
259.8408280563340
257.0515873146040
254.2914488410950
251.5601783180220
248.8575726699820
246.1834600639330
243.5376061820980
240.9198235702500
238.3299091529840
235.7676598548870
233.2328882217400
230.7253599357590
228.2449031639090
225.7912992095940
223.3643606185900
220.9638686943050
218.5896359825120
216.2414437866200
213.9191046524050
211.6224155044540
209.3511732673640
207.1051748657220
204.8842172241200
202.6880972671500
200.5166119194020
198.3695737266540
196.2467639923090
194.1479796409600
192.0730332183830
190.0217060279840
187.9938262367240
185.9891439056380
184.0075028228750
182.0486842918380
180.1124696159350
178.1986869621270
176.3071176338180
174.4375585556020
172.5898066520680
170.7636744689940
168.9589433097840
167.1754257202140
165.4129030036910
163.6711877059940
161.9500611305240
160.2493514442440
158.5688243293760
156.9082923316950
155.2675679969790
153.6464170074460
152.0446675300600
150.4621008682250
148.8985139465330
147.3537193107600
145.8274982643130
144.3196633529660
142.8300115013120
141.3583240127560
139.9044134330750
138.4680766868590
137.0491106987000
135.6473123931880
134.2624786949160
132.8944065284730
131.5429084396360
130.2077657318120
128.8887831401820
127.5857575893400
126.2984860038760
125.0267653083800
123.7704002380370
122.5291799068450
121.3029168605800
120.0913924026490
118.8944112682340
117.7117703819280
116.5432744789120
115.3887204837800
114.2478975105280
113.1206102943420
112.0066557598110
110.9058308315280
109.8179402446750
108.7427731132510
107.6801263618470
106.6298125362390
105.5916129398350
104.5653323078160
103.5507753753660
102.5477312564850
101.5559968757630
100.5729010105130
99.5958817863462
98.6249392032622
97.6600654506684
96.7012449073789
95.7484853839872
94.8017712593079
93.8610947227477
92.9264635849000
91.9978544139863
91.0752672100068
90.1586941623688
89.2481274604795
88.3435671043393
87.4450052833554
86.5524341869353
85.6658460044862
84.7852329254148
83.9105871391296
83.0419086456297
82.1791896343231
81.3224144840238
80.4715910053254
79.6267035770414
78.7877521991730
77.9547212505337
77.1276107311249
76.3064128303529
75.4911197376251
