662000
663000
664500
665500
667000
669500
676000
1260000
1264000
1269000
1273000
1278000
1283000
1287000
1292000
1297000
1303000
1308000
1313000
1318000
1323000
1328000
1333000
1338000
1344000
1349000
1354000
1359000
1364000
1369000
1374000
1379000
1384000
1389000
1395000
1400000
1406000
1411000
1417000
1422000
1428000
1433000
1437000
1442000
1444000
1447000
1449000
1451000
1453000
1455000
1457000
1459000
1460000
1463000
1465000
1468000
1471000
1474000
1477000
1479000
1482000
1484000
1486000
1489000
1492000
1495000
1498000
1505000
1510000
1515000
1518000
1522000
1526000
1529000
1533000
1536000
1539000
1543000
1547000
1550000
1554000
1558000
1562000
1566000
1569000
1573000
1576000
1579000
1582000
1584000
1587000
1590000
1592000
1595000
1599000
1603000
1606000
1610000
1614000
1617000
1619000
1622000
1625000
1628000
1630000
1634000
1638000
1641000
1644000
1646000
1649000
1652000
1654000
1656000
1659000
1661000
1663000
1665000
1668000
1671000
1673000
1677000
1000000000
1000000000
1000000000
1000000000
1000000000
1000000000
1000000000
1000000000
1000000000
1000000000
1000000000
1000000000
1000000000
1000000000
1000000000
1000000000
1000000000
1000000000
1000000000
1000000000
1000000000
1000000000
1000000000
1000000000
1000000000
1000000000
1000000000
1000000000
1000000000
1000000000
1000000000
1000000000
1000000000
1000000000
1000000000
1681000
1000000000
1000000000
1000000000
1000000000
1000000000
1000000000
1000000000
1000000000
1000000000
1000000000
1000000000
1000000000
1000000000
1000000000
1000000000
1000000000
1000000000
1000000000
1000000000
1000000000
1000000000
1000000000
1000000000
1000000000
1000000000
1000000000
1000000000
1000000000
1000000000
1000000000
1000000000
1000000000
1000000000
1000000000
1000000000
1000000000
1000000000
1000000000
1000000000
1000000000
1000000000
1000000000
1000000000
1000000000
1000000000
1000000000
1000000000
1000000000
1000000000
1000000000
1000000000
1000000000
1000000000
1000000000
1000000000
1000000000
1000000000
1000000000
1000000000
1000000000
1000000000
1000000000
1000000000
1000000000
1000000000
1000000000
1000000000
1000000000
1000000000
1000000000
1000000000
1000000000
1000000000
1000000000
1000000000
1000000000
1000000000
1000000000
1000000000
1000000000
1000000000
1000000000
1000000000
1000000000
1000000000
1000000000
1000000000
1000000000
1000000000
1000000000
1000000000
1000000000
