1765.4976150512700
1747.9882797241200
1730.5178237915000
1713.0874969482400
1695.6986877441400
1678.3527847290000
1661.0510375976600
1643.7948348999000
1626.5855651855400
1609.4246170044000
1592.3133789062500
1575.2529617309600
1558.2450317382800
1541.2906997680600
1524.3913543701100
1507.5485229492200
1490.7634552001900
1474.0374008178700
1457.3718872070300
1440.7681640625000
1424.2276199340800
1407.7516433715800
1391.3414840698200
1374.9985305786100
1358.7243103027300
1342.5197952270500
1326.3867904663100
1310.3262680053700
1294.3397552490300
1278.4287796020500
1262.5943130493100
1246.8380218505800
1231.1610168457000
1215.5649642944300
1200.0508361816400
1184.6202987670900
1169.2746017456000
1154.0149948120100
1138.8430053710900
1123.7598831176700
1108.7670166015700
1093.8657249450700
1079.0573966980000
1064.3433509826700
1049.7249763488800
1035.2036613464300
1020.7806556701600
1006.4574172973700
992.2351959228500
978.1154495239250
964.0994277954100
950.1885887146000
936.3842514038100
922.6876655578600
909.1003585815400
895.6235801696750
882.2587188720700
869.0070938110350
855.8700935363750
842.8490371704100
829.9453132629400
817.1603103637700
804.4952781677250
791.9516052246100
779.5306800842250
767.2338912963850
755.0624885559050
743.0179298400900
731.1014648437500
719.3145515441900
707.6584396362300
696.1345870971700
684.7442436218250
673.4888671875000
662.3697074890150
651.3882225036600
640.5456619262700
629.8434837341300
619.2830070495600
608.8654815673800
598.5924346923800
588.4651161193850
578.4848796844500
568.6530792236300
558.9711380004900
549.4403057098350
540.0620056152350
530.8375915527350
521.7683826446550
512.8557674407950
504.1010650634750
495.5056640625000
487.0708835601790
478.7980773925770
470.6886341094950
462.7439075469960
454.9652168273920
447.3539157867410
439.9113929748520
432.6389675140370
425.5380279541010
418.6099281311020
411.8559524536130
405.2775241851790
398.8759971618640
392.6526905059810
386.6089580535870
380.7461883544920
375.0657352447500
369.5688831329330
364.2570899963370
359.1316055297840
354.1938529968260
349.4451515197750
344.8868896484380
340.5203865051260
336.3470306396480
332.3681411743140
328.5850719451900
324.9992115020740
321.5298503875730
318.0952724456780
314.6952346801750
311.3295635223380
307.9979465484610
304.7002449035640
301.4361808776840
298.2055461883530
295.0081325530990
291.8436969757070
288.7120311737040
285.6128747940050
282.5460542678830
279.5113092422470
276.5084140777570
273.5371778488150
270.5973402023310
267.6886928558330
264.8110101699820
261.9640665054300
259.1476535797110
256.3615110397330
253.6054479598980
250.8792213439930
248.1826229095450
245.5154096603390
242.8773733139020
240.2682708740230
237.6878940582280
235.1360172271710
232.6124147415160
230.1168609619140
227.6491302490230
225.2089969634990
222.7962354660020
220.4106374740600
218.0519599914550
215.7199773788440
213.4144813537590
211.1352289199830
208.8820291519160
206.6546043395980
204.4527809143050
202.2763158798200
200.1249662399280
197.9985410690310
195.8967973709090
193.8195095062250
191.7664518356310
189.7374160766590
187.7321592330930
185.7504730224600
183.7921144485460
181.8568752288820
179.9445123672480
178.0548349380490
176.1875825881960
174.3425470352170
172.5195199966430
170.7182411193850
168.9385194778440
167.1801120758050
165.4427932739260
163.7263547897340
162.0305536270140
160.3551815032960
158.7000127792350
157.0648044586180
155.4493482589720
153.8534185409550
152.2767896652220
150.7192359924310
149.1805318832390
147.6604516983030
146.1587871551510
144.6752952575690
143.2097590446470
141.7619528770450
140.3316511154180
138.9186281204230
137.5226669311520
136.1435332298280
134.7810187339780
133.4348804473880
132.1049014091490
130.7908559799200
129.4925271987910
128.2096894264220
126.9421083450310
125.6895669937130
124.4518397331240
123.2287009239200
122.0199336051940
120.8253034591680
119.6445848464970
118.4775694847110
117.3240143775940
116.1837025642390
115.0564170837400
113.9419236183160
112.8399965286250
111.7476677894590
110.6620908737180
109.5832657814030
108.5111838340760
107.4458276748650
106.3872059822080
105.3353013992310
104.2901052474970
103.2516262054440
102.2198382377630
101.1947413444520
100.1763268470760
99.1645860671995
98.1595190048215
97.1611169815060
96.1693713188170
95.1842733383180
94.2058143615720
93.2339857101440
92.2687873840330
91.3102107048035
90.3582383155820
89.4128788948060
88.4741150856015
87.5419468879700
86.6163569450375
85.6973452568055
84.7849031448365
83.8790219306945
