662000
663000
664500
666000
667000
670500
1256000
1260000
1265000
1269000
1274000
1278000
1283000
1288000
1293000
1298000
1303000
1308000
1313000
1318000
1324000
1329000
1334000
1339000
1344000
1349000
1354000
1359000
1364000
1369000
1374000
1379000
1384000
1390000
1395000
1401000
1406000
1412000
1417000
1423000
1429000
1433000
1438000
1442000
1444000
1447000
1449000
1451000
1453000
1455000
1457000
1459000
1460000
1463000
1465000
1468000
1471000
1474000
1476000
1479000
1482000
1484000
1486000
1489000
1492000
1495000
1498000
1505000
1510000
1515000
1518000
1522000
1526000
1529000
1533000
1536000
1539000
1543000
1547000
1550000
1554000
1558000
1562000
1566000
1569000
1573000
1576000
1579000
1582000
1584000
1587000
1590000
1592000
1595000
1599000
1603000
1606000
1610000
1614000
1617000
1619000
1622000
1625000
1628000
1631000
1634000
1638000
1641000
1644000
1646000
1649000
1652000
1654000
1656000
1659000
1661000
1663000
1665000
1668000
1671000
1673000
1677000
1000000000
1000000000
1000000000
1000000000
1000000000
1000000000
1000000000
1000000000
1000000000
1000000000
1000000000
1000000000
1000000000
1000000000
1000000000
1000000000
1000000000
1000000000
1000000000
1000000000
1000000000
1000000000
1000000000
1000000000
1000000000
1000000000
1000000000
1000000000
1000000000
1000000000
1000000000
1000000000
1000000000
1000000000
1000000000
1690000
1000000000
1000000000
1000000000
1000000000
1000000000
1000000000
1000000000
1000000000
1000000000
1000000000
1000000000
1000000000
1000000000
1000000000
1000000000
1000000000
1000000000
1000000000
1000000000
1000000000
1000000000
1000000000
1000000000
1000000000
1000000000
1000000000
1000000000
1000000000
1000000000
1000000000
1000000000
1000000000
1000000000
1000000000
1000000000
1000000000
1000000000
1000000000
1000000000
1000000000
1000000000
1000000000
1000000000
1000000000
1000000000
1000000000
1000000000
1000000000
1000000000
1000000000
1000000000
1000000000
1000000000
1000000000
1000000000
1000000000
1000000000
1000000000
1000000000
1000000000
1000000000
1000000000
1000000000
1000000000
1000000000
1000000000
1000000000
1000000000
1000000000
1000000000
1000000000
1000000000
1000000000
1000000000
1000000000
1000000000
1000000000
1000000000
1000000000
1000000000
1000000000
1000000000
1000000000
1000000000
1000000000
1000000000
1000000000
1000000000
1000000000
1000000000
1000000000
1000000000
