70625
69750
68937.5
68125
67312.5
66500
65750
65000
64250
63531.25
62843.75
62156.25
61531.25
60906.25
60281.25
59718.75
59062.5
58031.25
57000
55937.5
54937.5
53875
52843.75
51812.5
51312.5
54156.25
53625
53093.75
52531.25
52000
51468.75
50937.5
50406.25
49906.25
49375
48843.75
48343.75
47812.5
47312.5
46781.25
46281.25
45781.25
45281.25
44781.25
44281.25
43781.25
43312.5
42812.5
42312.5
41343.75
40281.25
39187.5
38125
37062.5
35968.75
34906.25
33843.75
33156.25
37656.25
37187.5
36750
36312.5
35843.75
35406.25
34968.75
34562.5
34125
33687.5
33281.25
32843.75
32437.5
32031.25
31609.375
31203.125
30796.875
30406.25
30000
29609.375
29218.75
28843.75
28453.125
28078.125
27703.125
27328.125
26953.125
26593.75
26234.375
25875
25515.625
25156.25
24812.5
24468.75
24125
23781.25
23453.125
23109.375
22296.875
21406.25
20515.625
20093.75
19281.25
21203.125
20406.25
19546.875
18796.875
18062.5
17453.125
19406.25
19109.375
18828.125
18546.875
18265.625
18000
17718.75
17453.125
17187.5
16937.5
16671.875
16421.875
16171.875
15921.875
15640.625
14976.563
14382.813
13679.688
12937.5
12203.125
11507.813
14078.125
13859.375
13648.438
13437.5
13234.375
13031.25
12710.938
12078.125
11585.938
11031.25
11359.375
10859.375
10367.188
9906.25
9585.938
11171.875
11000
10835.938
10671.875
10515.625
10171.875
9585.938
9117.188
8687.5
8679.688
8070.313
7472.656
6875
6277.344
5976.563
5347.656
4726.563
4226.563
3658.203
8531.25
8429.688
8328.125
8226.563
8132.813
8046.875
7957.031
7871.094
7789.063
7710.938
7386.719
7121.094
7488.281
7421.875
7355.469
7296.875
7234.375
7175.781
7121.094
7058.594
6992.188
6925.781
6859.375
6792.969
6730.469
6671.875
6613.281
6554.688
6496.094
6441.406
6386.719
6335.938
6285.156
6234.375
6183.594
6136.719
6089.844
6042.969
5996.094
5945.313
5894.531
5843.75
5792.969
5746.094
5695.313
5648.438
5605.469
5558.594
5519.531
5476.563
5441.406
5406.25
5371.094
5343.75
5316.406
5292.969
5269.531
5250
5230.469
5214.844
5199.219
5007.813
4695.313
4566.406
4484.375
4246.094
5121.094
5105.469
5093.75
5082.031
5074.219
5066.406
5062.5
5058.594
4882.813
4664.063
4539.063
4855.469
4683.594
4363.281
4042.969
3812.5
3582.031
3332.031
4984.375
4976.563
4964.844
4953.125
