1059.2985690307600
1048.7929678344700
1038.3106942749000
1027.8524981689400
1017.4192126464800
1007.0116708374000
996.6306225585930
986.2769009399400
975.9513391113270
965.6547702026370
955.3880273437500
945.1517770385730
934.9470190429680
924.7744198608390
914.6348126220690
904.5291137695320
894.4580731201170
884.4224404907220
874.4231323242180
864.4608984375000
854.5365719604480
844.6509860229480
834.8048904418950
824.9991183471690
815.2345861816410
805.5118771362300
795.8320742797860
786.1957608032220
776.6038531494150
767.0572677612300
757.5565878295890
748.1028131103510
738.6966101074200
729.3389785766610
720.0305017089840
710.7721792602540
701.5647610473630
692.4089968872060
683.3058032226570
674.2559298706050
665.2602099609390
656.3194349670420
647.4344380187970
638.6060105895990
629.8349858093250
621.1221968078610
612.4683934020990
603.8744503784190
595.3411175537100
586.8692697143550
578.4596566772460
570.1131532287600
561.8305508422860
553.6125993347160
545.4602151489240
537.3741481018050
529.3552313232420
521.4042562866210
513.5220561218250
505.7094223022460
497.9671879577640
490.2961862182620
482.6971669006350
475.1709631347660
467.7184080505350
460.3403347778310
453.0374931335430
445.8107579040540
438.6608789062500
431.5887309265140
424.5950637817380
417.6807522583020
410.8465461730950
404.0933203125000
397.4218244934090
390.8329335021960
384.3273971557620
377.9060902404780
371.5698042297360
365.3192889404280
359.1554608154280
353.0790696716310
347.0909278106700
341.1918475341780
335.3826828002940
329.6641834259010
324.0372033691410
318.5025549316410
313.0610295867930
307.7134604644770
302.4606390380850
297.3033984375000
292.2425301361070
287.2788464355460
282.4131804656970
277.6463445281970
272.9791300964350
268.4123494720450
263.9468357849110
259.5833805084220
255.3228167724610
251.1659568786610
247.1135714721680
243.1665145111070
239.3255982971180
235.5916143035890
231.9653748321520
228.4477130126950
225.0394411468500
221.7413298797600
218.5542539978030
215.4789633178710
212.5163117980950
209.6670909118650
206.9321337890630
204.3122319030760
201.8082183837880
199.4208847045890
197.1510431671140
194.9995269012440
192.9179102325440
190.8571634674070
188.8171408081050
186.7977381134030
184.7987679290770
182.8201469421380
180.8617085266110
178.9233277130120
177.0048795318600
175.1062181854240
173.2272187042230
171.3677248764030
169.5276325607300
167.7067855453480
165.9050484466550
164.1223067092890
162.3584041213990
160.6132157135000
158.8866061019890
157.1784399032580
155.4885921478270
153.8169066238400
152.1632687759390
150.5275328063960
148.9095737457270
147.3092457962030
145.7264239883420
144.1609625244130
142.6127364349360
141.0816103363030
139.5674488449100
138.0701165771480
136.5894781494130
135.1253981781000
133.6777412796010
132.2463824844360
130.8311759948730
129.4319864273060
128.0486888122550
126.6811373519900
125.3292174911500
123.9927626037590
122.6716685485830
121.3657895278920
120.0749797439570
118.7991246414180
117.5380784225450
116.2917057037350
115.0598711013790
113.8424496459960
112.6392955398560
111.4502838134760
110.2752686691280
109.1141251373290
107.9667074203490
106.8329009628290
105.7125495529180
104.6055282211300
103.5117119979860
102.4309446716310
101.3631116867060
100.3080672454830
99.2656759643553
98.2358128738401
97.2183321762084
96.2131089019776
95.2200076675413
94.2388826751708
93.2696089553832
92.3120511245727
91.3660737991332
90.4315415954589
89.5083191299437
88.5962710189818
87.6952722930909
86.8051771545411
85.9258554267882
85.0571717262267
84.1989906692505
83.3511768722535
82.5136001586912
81.6861199378968
80.8686112403868
80.0609282684325
79.2629408454894
78.4745135879517
77.6955163192749
76.9258136558532
76.1652650070189
75.4137401962281
74.6711038398741
73.9372205543517
73.2119601631164
72.4951820755005
71.7867509078979
71.0865416908263
70.3944086265564
69.7102215385437
69.0338502502440
68.3651541709899
67.7039979171753
67.0486006736754
66.3972545242308
65.7499594688415
65.1067103004456
64.4674966049193
63.8323235893248
63.2011808395386
62.5740631484985
61.9509757232667
61.3319029426575
60.7168448066712
60.1057961082459
59.4987516403197
58.8957114028929
58.2966701889036
57.7016227912902
57.1105640029908
56.5234886169432
55.9403914260864
55.3612724304198
54.7861264228821
54.2149429893492
53.6477273368836
53.0844690513609
52.5251681327820
51.9698141670225
51.4184071540833
50.8709418869019
50.3274131584167
