353.0995230102540
349.5976559448240
346.1035647583000
342.6174993896480
339.1397375488280
335.6705569458000
332.2102075195310
328.7589669799800
325.3171130371090
321.8849234008790
318.4626757812500
315.0505923461910
311.6490063476560
308.2581399536130
304.8782708740230
301.5097045898440
298.1526910400390
294.8074801635740
291.4743774414060
288.1536328125000
284.8455239868160
281.5503286743160
278.2682968139650
274.9997061157230
271.7448620605470
268.5039590454100
265.2773580932620
262.0652536010740
258.8679510498050
255.6857559204100
252.5188626098630
249.3676043701170
246.2322033691400
243.1129928588870
240.0101672363280
236.9240597534180
233.8549203491210
230.8029989624020
227.7686010742190
224.7519766235350
221.7534033203130
218.7731449890140
215.8114793395990
212.8686701965330
209.9449952697750
207.0407322692870
204.1561311340330
201.2914834594730
198.4470391845700
195.6230899047850
192.8198855590820
190.0377177429200
187.2768502807620
184.5375331115720
181.8200717163080
179.1247160339350
176.4517437744140
173.8014187622070
171.1740187072750
168.5698074340820
165.9890626525880
163.4320620727540
160.8990556335450
158.3903210449220
155.9061360168450
153.4467782592770
151.0124977111810
148.6035859680180
146.2202929687500
143.8629103088380
141.5316879272460
139.2269174194340
136.9488487243650
134.6977734375000
132.4739414978030
130.2776445007320
128.1091323852540
125.9686967468260
123.8566014099120
121.7730963134760
119.7184869384760
117.6930232238770
115.6969759368900
113.7306158447260
111.7942276000980
109.8880611419670
108.0124011230470
106.1675183105470
104.3536765289310
102.5711534881590
100.8202130126950
99.1011328125000
97.4141767120358
95.7596154785154
94.1377268218991
92.5487815093991
90.9930433654784
89.4707831573483
87.9822785949704
86.5277935028074
85.1076055908202
83.7219856262204
82.3711904907226
81.0555048370358
79.7751994323728
78.5305381011963
77.3217916107175
76.1492376708984
75.0131470489499
73.9137766265866
72.8514179992675
71.8263211059569
70.8387705993651
69.8890303039550
68.9773779296875
68.1040773010252
67.2694061279295
66.4736282348629
65.7170143890380
64.9998423004148
64.3059700775146
63.6190544891356
62.9390469360351
62.2659127044675
61.5995893096923
60.9400489807127
60.2872361755369
59.6411092376707
59.0016265106199
58.3687393951414
57.7424062347409
57.1225749588010
56.5092108535766
55.9022618484494
55.3016828155515
54.7074355697630
54.1194680404662
53.5377385711667
52.9622020339965
52.3928133010861
51.8295307159423
51.2723022079465
50.7210895919797
50.1758442687986
49.6365245819090
49.1030819320678
48.5754746627805
48.0536541748045
47.5375788116455
47.0272034454342
46.5224829483032
46.0233721923827
45.5298260498045
45.0417993926999
44.5592470932005
44.0821274948120
43.6103919982909
43.1439954757688
42.6828962707518
42.2270457839965
41.7764058303832
41.3309208679196
40.8905561828611
40.4552631759640
40.0249932479856
39.5997082138061
39.1793594741818
38.7639019012449
38.3532903671263
37.9474832153319
37.5464318466186
37.1500946044920
36.7584228897092
36.3713750457764
35.9889024734497
35.6109669876098
35.2375165176392
34.8685094070434
34.5039039993286
34.1436482238769
33.7877038955688
33.4360224151611
33.0885586547851
32.7452709579467
32.4061107254028
32.0710363006592
31.7400025558471
31.4129608917236
31.0898696517944
30.7706837081909
30.4553579330444
30.1438471984863
29.8361063766479
29.5320903396606
29.2317574310303
28.9350590515137
28.6419518089294
28.3523905754089
28.0663302230835
27.7837256240845
27.5045333862304
27.2287066459656
26.9562037467956
26.6869760894775
26.4209802818298
26.1581711959839
25.8985054397583
25.6419378852844
25.3884216690063
25.1379133987427
24.8903679466247
24.6457401847839
24.4039867210388
24.1650606918335
23.9289169692993
23.6955138969421
23.4648028755188
23.2367405128479
23.0112834167480
22.7883847236633
22.5679993057251
22.3495335578918
22.1324181747436
21.9166531562805
21.7022367668152
21.4891655349731
21.2774411964416
21.0670602798462
20.8580210494995
20.6503252410889
20.4439676475525
20.2389482688904
20.0352653694153
19.8329172134399
19.6319038009643
19.4322233963012
19.2338742637634
19.0368546676636
18.8411628723144
18.6467971420288
18.4537574768066
18.2620421409607
18.0716476631164
17.8825757789612
17.6948230171203
17.5083893775940
17.3232713890075
17.1394690513611
16.9569806289673
16.7758043861389
